0.31249 0.00059807 0.0040465 0.012618 0.032336 0.0020388 0.63587
0.99981 1.0751e-10 1.2366e-05 3.7627e-05 0.0001341 8.5719e-10 2.5681e-06
0.41673 2.3685e-05 0.02486 0.015443 0.38087 1.1457e-05 0.16207
0.45444 0.06857 0.067095 0.10817 2.0822e-05 0.30166 4.2979e-05
0.0023937 0.15739 0.024941 0.01034 0.023418 0.37616 0.40535
0.0020022 0.40071 0.022075 0.56251 0.0089342 0.00090412 0.0028631
0.030043 2.9169e-05 0.76851 0.19648 0.00097552 0.0039327 2.9409e-05
0.20701 2.1705e-10 0.12631 0.0050576 0.66106 0.00053627 1.6261e-05
0.88998 8.6794e-05 0.029327 1.2828e-08 0.034953 0.045602 5.0605e-05
1.5201e-05 0.04967 0.24941 0.016127 0.3777 0.011179 0.2959
0.11021 0.00044616 0.093795 0.038296 0.20042 0.54173 0.015104
0.82478 2.0077e-07 0.029281 3.7008e-06 0.0049299 0.14055 0.000454
0.00011092 0.10259 1.5709e-06 8.402e-08 0.86305 6.3732e-06 0.034245
1.1342e-05 7.087e-05 0.0003597 2.8594e-05 3.9205e-05 0.994 0.0054879
2.1078e-07 0.025978 0.00039516 0.85143 1.193e-05 0.12183 0.00036077
3.8995e-08 9.3697e-08 5.2634e-06 0.00019265 0.99851 0.0012918 1.1694e-06
0.10661 2.8768e-06 0.010395 0.0011848 0.72436 0.009941 0.1475
1.4442e-07 2.5981e-06 2.1934e-06 0.99985 1.6736e-06 0.00014589 1.5808e-06
0.023139 0.066274 0.00030242 0.90982 3.5815e-05 0.00042584 7.7058e-07
0.0025607 0.0082558 0.011791 0.012669 0.81693 0.14778 4.1645e-06
0.20428 0.13745 0.11797 6.0397e-05 0.00027513 0.53993 3.2126e-05
5.2786e-05 3.289e-05 1.0755e-05 0.97928 0.018831 0.0017953 4.6031e-07
0.98041 0.0003624 0.011621 0.0006617 4.6754e-06 6.5416e-05 0.006872
0.72983 0.21777 0.00099373 0.03077 0.018639 2.3014e-06 0.0019933
0.0030478 0.00082638 4.5901e-06 0.99272 5.413e-07 7.5308e-06 0.0033928
2.9891e-06 5.0542e-05 0.00011291 0.97131 1.1395e-05 0.028096 0.00041154
0.24489 0.0069473 0.13502 0.1175 0.041798 0.28226 0.17159
0.92653 3.8256e-08 0.00074987 0.052889 0.0030769 1.9114e-07 0.01675
0.066838 0.020648 0.00039992 0.28072 0.62986 0.00020821 0.0013225
2.3817e-07 0.00067871 0.20173 2.0313e-05 0.14826 0.00046217 0.64884
0.00028917 0.17042 0.00062639 0.27086 0.55017 0.0076268 1.2801e-07
0.0075746 0.097493 0.27249 0.11977 0.1547 0.34101 0.0069581
0.00051428 0.71942 0.001442 0.001485 0.20829 0.067979 0.0008622
0.91145 0.0019491 0.0062052 7.1747e-05 0.036512 0.0025011 0.041308
0.0012463 0.25995 0.10673 0.013344 0.48562 0.099984 0.033129
0.00017027 0.21709 0.0025878 0.006316 0.60438 0.02643 0.14302
0.86229 0.12597 0.010052 5.9953e-05 0.00038695 3.7157e-08 0.0012363
0.043269 0.00021566 0.6993 4.0645e-05 0.17423 0.011433 0.071514
2.2176e-05 2.3104e-06 0.0010683 0.67038 0.0023317 0.27632 0.049875
0.00019208 7.288e-06 0.99586 4.1965e-05 8.1325e-05 0.0025256 0.0012927
0.00084725 0.31194 0.2722 0.12615 0.090442 0.1817 0.016714
0.015323 0.73879 1.2289e-05 0.21802 0.013452 0.011664 0.0027352
0.004227 0.052594 0.006768 0.20845 0.51923 0.00020513 0.20852
0.00028179 0.044213 0.1364 0.010729 0.095381 0.0016817 0.71132
2.1071e-05 0.0010393 0.018179 1.1783e-10 0.20888 0.1456 0.62628
0.29893 0.055333 0.093039 0.21441 0.17233 0.09772 0.068239
0.45374 1.2645e-05 1.2841e-05 0.54622 3.6976e-07 4.7291e-07 1.4162e-05
0.00035772 0.013432 0.016462 0.933 0.02781 0.0033414 0.0055984
0.047932 0.00079024 0.61553 0.1262 0.12664 0.024718 0.058196
0.0020212 0.0039104 0.57368 0.36849 0.00014959 8.7442e-05 0.051653
0.64073 0.001202 4.9909e-05 0.24775 0.081884 0.028381 2.2274e-07
4.8911e-06 3.0103e-06 0.00048528 5.5142e-06 0.97294 0.026562 1.6095e-06
0.38039 3.1003e-05 0.23165 0.1228 0.17579 0.010144 0.07919
0.15473 0.088007 0.0014442 0.10244 0.4807 0.17265 2.9107e-05
1.4255e-05 0.001574 1.3493e-09 0.99841 7.9482e-09 2.4709e-08 1.7099e-06
0.8374 0.014748 0.0054443 0.13161 5.1866e-05 1.9365e-05 0.010721
9.825e-05 7.4159e-05 0.016795 0.0015232 0.20086 0.00027311 0.78038
0.020957 2.9003e-06 2.2528e-06 0.97896 1.2203e-05 6.1402e-05 5.6794e-09
0.00054862 0.0067597 0.31234 0.0038413 0.43365 0.077045 0.16581
3.8559e-05 7.2824e-07 9.9218e-07 4.0789e-07 7.9597e-07 3.8576e-07 0.99996
3.3204e-06 0.034444 0.019078 0.00054047 0.05921 0.059483 0.82724
1.2712e-05 2.5801e-05 0.0002624 0.83748 0.031555 0.13065 1.9705e-05
0.0051366 0.016119 0.030359 0.94403 0.0042723 7.7276e-05 6.5765e-06
0.62095 0.035729 0.089593 0.0072763 0.038202 0.088824 0.11943
0.14413 0.016999 0.57664 0.25726 0.0030227 0.0018689 7.8836e-05
3.7612e-06 0.025842 0.00010685 0.74519 5.6933e-07 0.22885 1.671e-07
0.01545 8.5269e-05 0.70447 0.026117 0.075543 0.12733 0.051003
0.0096659 0.097377 0.017825 0.87125 0.0010855 0.00085215 0.0019422
4.9151e-06 0.022538 0.00019113 0.97661 4.2723e-05 0.00061851 6.699e-08
0.26994 0.0022613 0.11609 0.00040636 0.0014367 0.272 0.33786
0.28217 0.050438 0.00097313 0.21177 0.20688 0.070367 0.17741
4.0346e-05 0.65308 0.00012973 0.096789 0.075377 0.17451 7.394e-05
0.85089 0.00011805 0.13161 0.0099536 0.0035232 0.00061275 0.0032847
5.6701e-07 0.00050138 0.00073025 5.6095e-11 4.219e-07 1.1288e-06 0.99877
0.0016842 0.27091 8.7098e-06 0.56039 0.16497 0.0020253 9.0455e-06
0.77338 1.4878e-06 1.2955e-05 0.00024098 0.22593 0.00041773 1.076e-05
0.54849 0.0011016 0.034723 0.41552 8.5369e-07 2.1952e-07 0.00016946
0.00031394 0.058116 0.014233 0.011068 0.754 0.00026197 0.16201
0.55772 0.0020726 0.37518 0.038953 0.017548 0.0084137 0.0001077
0.60398 0.00045488 1.5517e-06 0.39386 0.00032511 0.0013722 1.4031e-05
0.094195 0.147 0.0011982 3.4544e-06 0.0063484 0.0020834 0.74917
0.0031954 0.08354 0.098675 0.70737 0.056879 0.046847 0.0034955
0.085615 0.048392 0.05649 0.0051071 0.29024 0.37565 0.13851
0.0048137 0.031422 0.85928 0.039738 0.022008 0.042651 8.3876e-05
0.42409 0.058475 0.046955 0.0058167 0.39213 0.0066776 0.065854
0.00022185 0.63229 0.00354 0.003669 0.0069401 0.013522 0.33982
0.63367 0.0022591 0.0050771 0.091791 0.1176 0.14959 2.0976e-06
0.11077 0.019012 0.00091201 0.026715 0.20169 0.42827 0.21263
0.32181 0.009325 0.356 0.24127 0.0027635 0.066496 0.0023367
0.0011088 0.009627 0.52549 0.00078079 0.018394 0.44276 0.0018381
9.7465e-07 1.0004e-07 1.0658e-06 0.99881 5.3948e-09 0.0011683 1.9632e-05
0.19304 0.020083 0.0055723 0.00065337 0.62209 6.0441e-05 0.1585
0.0049758 0.0060018 0.16733 0.11885 0.66792 0.033975 0.00094308
5.7876e-06 0.071795 3.0488e-05 0.0083249 0.4574 0.45667 0.0057784
0.5947 0.23339 0.0023993 0.13735 0.0048475 0.000836 0.026474
6.1263e-05 1.2999e-05 0.23125 7.3008e-06 0.68388 0.084314 0.00047464
0.54632 0.39007 3.457e-05 3.059e-05 0.00022988 0.025835 0.037481
0.99815 0.00020961 1.5169e-06 6.286e-07 0.00073889 0.0008944 5.6765e-07
0.02474 0.043432 0.00063674 3.6723e-05 0.28563 0.001812 0.64372
0.0056297 0.0052742 0.0030803 0.00065708 0.89707 0.087826 0.00046759
0.69281 0.066602 0.11781 0.0074587 0.10397 0.0017789 0.0095718
0.0010886 0.084483 0.009342 0.0001698 0.82298 0.062081 0.019858
0.73608 0.0025763 0.00012235 1.479e-06 7.242e-06 0.00045388 0.26076
8.3098e-06 0.00047372 9.3314e-05 2.964e-05 0.36343 0.63597 8.8955e-07
0.096684 0.12609 0.0030814 0.0036516 0.0061589 0.76433 1.4474e-06
1.3702e-05 0.010986 0.00093551 0.0080849 0.88326 0.096714 1.2718e-06
0.87116 0.0031482 1.8346e-06 6.9671e-06 0.12286 1.4039e-05 0.0028054
4.8226e-07 6.7939e-07 8.8464e-11 1 3.1367e-10 5.0725e-09 1.2319e-10
0.91381 0.00223 0.00014955 0.00016508 0.00017056 0.083244 0.00023279
0.75019 7.0452e-07 0.24947 1.0816e-07 0.00032261 3.7559e-07 1.1531e-05
0.64676 0.07839 0.05305 0.0013589 0.016202 0.20371 0.00052517
0.61264 0.0040036 0.20411 0.001121 0.004095 0.14764 0.026386
0.0011893 0.27326 0.035937 0.33855 0.0055463 0.34539 0.00012472
0.10129 0.29396 0.019292 0.060397 0.0262 0.094134 0.40473
0.091291 1.5776e-05 0.013385 0.7419 5.1737e-06 0.15316 0.00023844
0.039861 7.6917e-05 0.57719 0.00013898 0.0045723 1.5337e-05 0.37814
0.00054279 2.0162e-06 0.00037703 1.9532e-07 0.99742 8.918e-05 0.0015709
0.062105 0.023965 0.32165 0.044861 0.22827 0.020761 0.29839
0.0013708 0.31192 0.039928 0.00036631 0.6412 0.0032138 0.0020099
0.028217 0.95923 0.00029737 3.3937e-05 0.010882 0.00041889 0.00091813
0.29704 0.20257 0.18166 0.0031802 0.18059 0.12953 0.0054319
0.99918 1.3322e-06 6.0705e-08 0.0008206 1.3577e-08 9.3882e-08 3.2716e-07
2.4447e-06 0.78376 0.00011823 0.018758 0.18022 0.017094 4.2441e-05
5.5914e-05 0.55403 0.019495 0.0052394 0.072489 0.23228 0.11641
0.31074 3.2174e-06 0.22072 0.00082037 2.3622e-05 0.41405 0.053647
0.24365 0.0014499 0.25 0.00018371 0.39533 0.10358 0.0058054
0.0071045 0.03833 0.43393 0.0083305 2.4942e-06 0.2924 0.21991
0.00028288 0.00081268 0.30132 1.129e-06 1.3471e-06 0.0026234 0.69496
0.71294 6.695e-06 0.003856 0.036581 0.014327 2.9603e-06 0.23229
1.1686e-05 7.4743e-05 0.0010947 0.78336 2.1137e-05 0.21543 1.1976e-05
0.074628 0.36415 0.033056 0.011836 0.020631 0.46517 0.030525
0.13142 0.00076789 0.37563 2.9972e-05 0.49186 0.00028845 2.4137e-07
6.8783e-06 2.6171e-08 2.1818e-05 0.99997 7.307e-08 1.259e-07 1.6064e-06
0.0049073 0.065305 0.0072606 0.12239 0.53794 0.26218 1.1736e-05
0.050466 0.25993 0.3916 0.00057114 0.023849 0.27103 0.0025558
0.029704 0.39926 0.0013523 0.24596 0.013529 0.30819 0.0020047
0.00069253 0.094553 0.006247 0.89835 5.9187e-08 3.1829e-07 0.00015978
0.13983 0.030559 0.0084257 0.0010497 0.32426 0.0057728 0.4901
0.0018064 0.2693 0.013332 0.0047715 0.00015449 0.70773 0.002906
0.18513 0.32491 0.0037746 0.015965 0.018357 0.21577 0.23609
0.00015327 0.11209 0.059548 0.45539 3.2541e-06 0.3727 0.00011411
1.0163e-06 0.00015163 0.055466 0.062324 0.23401 0.62207 0.025976
0.0011272 0.30261 0.31884 2.66e-07 0.10861 0.014871 0.25394
1.4144e-06 0.0024052 0.050085 0.24553 0.17117 0.00073832 0.53007
0.15902 0.68116 0.024839 0.070267 0.0021968 0.042723 0.019793
5.5755e-06 0.10894 0.018791 2.5463e-05 0.0017658 0.73156 0.13891
0.14066 0.00022154 0.065409 0.35206 0.18518 0.0015 0.25496
0.02719 1.3791e-05 0.14445 0.020048 0.062206 0.41002 0.33608
0.033405 0.26953 0.0013503 0.0036009 0.53204 0.13546 0.024611
0.87404 0.080868 0.00026627 2.1581e-05 0.0098151 0.00087411 0.034115
1.287e-08 1.5976e-09 3.0201e-08 0.99998 3.8402e-07 1.9021e-05 1.1721e-07
0.34365 0.058017 0.0039663 1.13e-05 0.052487 0.36649 0.17538
0.13975 3.7705e-05 0.0021084 0.78035 0.069789 9.3825e-05 0.0078734
2.665e-10 3.6897e-08 9.9292e-12 1 7.9628e-11 1.9647e-07 7.3824e-12
8.3355e-05 0.057884 0.084763 0.14465 0.024602 0.68801 3.6311e-06
0.0028458 0.002545 0.00053286 0.75568 0.048471 0.18907 0.00085123
0.0050039 0.073856 0.0012957 7.5173e-06 0.74295 0.17613 0.00075646
0.014247 0.0083544 0.0015259 0.0021811 0.70352 0.26824 0.001929
0.08856 0.00044518 0.0014475 0.90612 0.0011976 0.0022014 2.9137e-05
0.052246 0.0006059 0.00079798 1.671e-05 0.22887 0.51056 0.2069
2.4839e-05 2.4087e-10 0.41363 3.8206e-09 3.2426e-09 9.1366e-10 0.58634
0.035582 0.19053 0.088289 0.24819 0.11492 0.31881 0.0036833
0.019673 1.117e-06 0.15753 1.493e-08 7.6549e-05 2.076e-06 0.82271
0.0029201 0.0003474 0.25839 0.00016529 0.098805 0.63381 0.0055577
0.39104 0.019405 0.024626 0.18961 0.0052446 0.0069048 0.36316
0.033154 0.014355 0.0042716 5.7028e-06 0.00047678 4.4734e-06 0.94773
0.0043502 0.16941 0.016387 0.00089873 0.23175 0.56575 0.011454
0.017 0.00021441 0.00011356 0.001259 0.45763 0.48964 0.034137
0.0016081 0.003398 0.0080844 8.0594e-07 0.011296 0.00058516 0.97503
0.06284 0.0028181 0.00043794 0.0009326 0.89321 0.036992 0.0027746
0.32138 0.012204 0.0027037 0.00035912 0.07713 0.099339 0.48689
0.0007697 0.0064419 0.0038579 0.95777 0.030356 0.00075166 5.4336e-05
0.00042554 0.010083 0.002036 0.29844 0.17924 0.50962 0.00015131
0.020993 0.0011696 0.35442 0.096461 0.2038 0.19638 0.12677
0.00041314 0.0008787 0.32415 0.0001905 0.27723 0.016278 0.38087
0.93175 8.1477e-07 0.0053027 0.005539 0.057386 1.6875e-05 6.7319e-08
0.014313 2.528e-06 0.5078 0.0085764 0.46737 0.00033068 0.0015986
1.4268e-07 0.43825 4.405e-05 0.53435 3.6373e-06 0.027351 6.4806e-07
0.078003 7.5905e-05 0.068242 0.044295 0.54147 0.0018258 0.26609
0.023323 0.04198 0.059918 0.30271 0.030002 0.54141 0.00066176
0.41944 0.0087039 8.2747e-05 2.4478e-05 0.48183 0.00051971 0.089397
0.010137 0.15 0.61714 0.091751 0.03806 0.092538 0.00037201
0.53239 0.013564 0.00012769 0.001271 0.19559 0.001696 0.25536
0.30156 0.00052037 0.12535 2.4996e-05 0.099933 0.00011355 0.4725
4.8225e-05 0.015087 3.8594e-06 0.98454 3.1177e-06 0.0002418 7.1586e-05
0.0074239 0.003793 0.030086 0.0010023 0.55138 0.383 0.023307
0.1071 0.18202 0.022256 0.012137 0.0045022 0.6329 0.039088
0.0011695 0.66867 0.0011999 0.065509 0.00087563 0.081096 0.18148
0.0038711 0.52199 0.18112 0.00094382 0.1312 0.159 0.0018753
0.0086765 0.33932 0.00087223 0.0034746 0.053477 0.57832 0.015858
0.0033488 0.00059136 0.0019063 9.6299e-05 0.99353 0.00052664 2.9871e-06
9.3408e-10 6.2755e-07 5.4153e-08 0.99998 3.9392e-10 1.4905e-05 3.7276e-09
0.0029982 7.9193e-05 0.98736 5.2473e-07 0.0012937 0.0071835 0.0010838
0.010955 0.15937 0.25214 0.0024574 0.18264 0.048516 0.34392
0.56584 0.033534 0.0010366 5.3515e-05 0.39479 0.002869 0.0018798
0.049134 0.022519 0.077844 0.68385 0.091516 0.00036211 0.074777
0.29698 0.015788 0.076028 0.012937 0.0042108 0.59202 0.0020367
0.00030565 0.22511 3.8884e-05 0.041663 0.1235 0.60934 4.0237e-05
0.074215 0.082097 0.00040839 0.57348 0.21995 0.00022008 0.049629
0.00068253 0.0008177 0.54812 0.10616 6.0604e-06 0.023061 0.32115
0.18505 0.0035941 6.44e-05 1.1956e-07 0.0042949 2.5583e-06 0.80699
0.00022134 0.21023 0.12211 4.0493e-06 5.3956e-08 0.0022561 0.66518
0.88927 0.0024762 0.099055 0.00014161 0.00022191 0.0078782 0.00095628
0.088442 0.00073769 0.070893 0.0011594 0.48858 0.22085 0.12934
0.00031212 0.0048156 0.00043438 0.99142 4.2111e-05 0.0022601 0.00071643
1.0026e-06 0.47816 0.00010134 4.9103e-05 0.00031621 0.19371 0.32767
2.135e-06 0.55695 0.0014346 0.43868 8.3172e-07 0.001396 0.0015343
0.68224 0.27488 0.0014254 0.010164 0.00031585 0.030978 9.5602e-08
0.0017517 0.33389 0.44076 4.2238e-05 0.00060632 0.21578 0.0071761
0.018788 0.0063357 0.29853 0.063508 0.12247 0.48844 0.0019216
0.042639 0.48979 5.5596e-05 0.0050767 0.023607 0.42816 0.010673
4.9542e-08 0.51129 0.0010639 0.00067849 1.0606e-07 0.48692 4.6068e-05
0.00098639 0.13628 0.27566 0.00036398 0.34194 0.24463 0.00013681
0.067856 0.56857 0.0030059 3.3201e-07 0.0033557 0.00019267 0.35702
7.1772e-05 0.20914 0.11689 0.00011016 0.24779 0.028812 0.39719
0.61461 0.098522 0.17006 0.11046 0.0047689 0.0014302 0.0001532
0.52977 0.00038367 0.060895 7.5183e-06 0.37252 0.0054928 0.03093
0.0065871 0.026938 0.05426 7.3919e-05 0.83859 0.073301 0.00024696
0.00022319 0.33604 0.010925 0.0036241 9.542e-05 0.53683 0.11226
0.0012282 0.094977 0.0013454 0.00024686 0.11776 0.0013859 0.78305
0.93207 7.6845e-06 0.00062945 0.018271 0.047403 0.0016134 7.9066e-07
4.8538e-05 0.2196 0.03705 2.617e-06 0.17293 0.0026186 0.56775
0.23705 0.00042062 0.0023489 0.0004642 0.70274 5.0521e-05 0.05692
0.00013647 6.6931e-05 0.60049 9.2679e-07 9.2016e-06 7.313e-05 0.39923
0.25429 0.00058961 0.055191 0.0045257 0.58664 0.093733 0.0050281
0.070231 0.0044554 0.0043895 0.11571 0.80146 0.0036563 0.00010102
0.7258 1.9148e-05 0.0036818 0.16492 0.0894 0.012657 0.0035162
0.83912 8.1787e-07 0.15929 7.9907e-06 3.8106e-07 0.0015849 6.7613e-07
0.36482 0.00032027 0.10615 0.04709 0.33549 0.0093252 0.13681
0.25951 0.0030858 0.12835 0.0003765 0.31349 0.00011728 0.29507
0.77393 0.013478 0.005332 0.00053547 0.20302 0.001777 0.0019271
0.00062175 0.00023863 0.088408 0.90676 1.1374e-06 0.0001892 0.0037807
0.79661 1.0968e-06 1.7894e-05 0.20335 1.27e-05 1.3948e-10 6.0059e-06
0.0029787 0.00862 0.0097933 0.0055361 0.93338 0.039473 0.0002238
8.9872e-06 0.051915 0.77607 1.3215e-07 2.3457e-06 0.15888 0.013129
0.56675 0.0001413 5.119e-05 0.060469 0.00013861 0.37245 1.299e-06
0.40245 0.17122 0.0028275 0.0012585 0.39976 0.010754 0.011733
0.00042289 0.032624 5.7605e-05 0.92351 5.2873e-05 0.043212 0.00012478
0.00047167 0.13196 0.0092782 0.031905 0.78712 0.036265 0.0030022
2.2629e-06 6.6616e-09 0.30446 1.0903e-09 5.0367e-05 0.00012529 0.69536
0.0037813 0.025228 0.0087288 1.6874e-05 0.61612 0.00026021 0.34586
1.3848e-06 0.83538 8.8073e-05 0.056671 0.00076931 0.099786 0.0073017
0.077327 0.0017431 0.10044 0.029288 0.7909 0.00022666 7.565e-05
0.052483 8.5131e-05 0.64107 9.7856e-05 0.0067002 0.14999 0.14958
2.9768e-08 0.15964 0.00019093 0.49882 0.0052151 0.33613 1.2034e-06
0.12266 0.25728 0.11329 3.4372e-05 0.38082 0.0008485 0.12507
6.6679e-07 0.0013012 0.0024391 2.7226e-07 0.95452 0.024018 0.017721
7.2442e-06 0.031011 0.009264 1.5736e-07 0.23079 0.72124 0.0076947
0.15079 0.018666 0.0011248 0.023552 0.024662 0.77672 0.0044927
3.4988e-05 0.32498 0.019937 0.020828 0.48505 0.098252 0.050915
0.00022488 1.093e-05 0.00016799 0.00016999 0.89699 1.4723e-05 0.10242
0.26591 0.0033605 0.0021379 3.1598e-08 0.45813 1.5604e-06 0.27045
0.11526 0.00015095 0.6278 0.068607 1.9371e-06 0.087703 0.10048
0.044451 0.32487 0.24906 0.024225 0.00060149 0.26483 0.091958
4.2212e-05 0.00021802 6.7247e-07 2.7231e-05 0.99953 0.00017932 4.0503e-06
0.00080571 0.017623 0.028946 2.1355e-05 0.95084 0.00027024 0.0014893
0.033778 0.040295 0.00075031 0.043206 0.88161 4.4324e-06 0.00035356
0.12536 0.73092 0.00038362 3.3209e-06 0.13706 0.0062626 1.9573e-07
0.0021976 3.8674e-08 0.82115 0.035445 0.0032731 0.1073 0.030632
7.2711e-05 0.18139 0.014562 0.76085 0.042841 0.00026682 1.9297e-05
0.0051004 0.0044293 3.4743e-06 0.0011137 0.0067852 9.8192e-07 0.98257
0.21266 0.007742 0.0002523 0.0028113 0.059326 0.11134 0.60587
7.7349e-07 0.45126 0.00041126 0.50913 0.00022243 0.030091 0.0088816
0.027173 3.0269e-07 0.31192 0.10726 0.52815 0.023895 0.0016091
0.90737 0.030291 0.025357 0.00023903 0.034474 0.00205 0.00022211
0.024385 0.16305 0.049504 0.0063257 0.41412 0.09396 0.24866
0.11929 1.7312e-05 0.60211 0.0031298 0.071574 0.0031975 0.20067
0.24336 0.092674 0.087683 0.50163 0.0070535 0.065581 0.0020158
0.89538 0.091328 7.5279e-05 0.00053745 0.00019065 0.0065484 0.0059448
0.83309 0.0098592 0.001485 0.048885 0.001576 0.10405 0.001052
4.0775e-08 0.0020549 0.024026 1.0282e-05 0.028154 0.02744 0.91831
0.98219 2.0498e-08 0.012358 2.714e-05 9.8807e-05 2.5069e-07 0.0053247
0.83259 3.0257e-07 0.0016098 4.9275e-07 5.7604e-08 3.161e-06 0.1658
0.98868 1.5439e-10 0.0069012 2.1679e-07 2.5857e-06 1.0465e-08 0.0044152
0.36095 2.5701e-07 0.26599 0.0017006 8.1333e-06 1.2436e-06 0.37135
0.089086 0.0017457 0.33674 0.0051883 0.016295 0.0036507 0.54729
0.0048955 4.8167e-06 0.011151 2.7584e-05 2.357e-05 0.0035302 0.98037
0.13223 0.039989 0.22221 0.24908 0.040652 0.3157 0.00015009
0.0022302 0.027727 0.00026192 0.64448 0.31579 0.00054708 0.0089623
0.088132 0.088262 0.00043964 0.0018289 0.75505 0.065195 0.0010884
0.23188 0.065816 0.31637 0.0011396 0.0087284 0.022482 0.35358
0.0002823 0.0057202 0.079657 1.8781e-05 0.047936 0.55992 0.30646
9.0732e-07 0.020855 1.6262e-05 0.97631 0.00030289 0.0020453 0.00047023
0.0026863 0.3018 0.00013304 0.24929 0.25832 0.18739 0.00038024
0.38668 0.48767 0.0010867 1.354e-05 0.0028686 0.11736 0.0043233
0.017067 0.00080648 0.57404 0.08735 0.11017 0.13427 0.076296
0.085227 0.00051192 0.90396 0.0014668 0.0044485 5.3733e-06 0.0043844
0.5136 0.24346 0.027163 3.3717e-05 0.21246 0.0026806 0.0006022
0.66605 0.15645 0.099998 0.015923 0.0092706 0.029268 0.023037
0.00087951 3.4902e-05 0.00020793 0.0046593 0.77718 0.21704 6.3956e-09
0.61474 4.0273e-05 0.13009 0.00047679 0.25453 0.00010954 5.7388e-06
0.12934 0.00030957 0.11129 0.032375 0.25672 0.20819 0.26177
0.51396 0.00072561 0.031692 0.0011192 0.079832 0.038146 0.33453
0.019831 0.035657 0.066718 0.00011273 0.51491 0.36236 0.0004149
0.013098 0.12989 7.5628e-05 0.79491 0.00096913 0.026806 0.034253
5.5083e-05 9.7043e-07 0.0080349 3.9772e-07 0.37807 0.46596 0.14788
0.49226 0.044382 0.11409 0.0041603 0.0067396 0.11731 0.22106
0.16542 2.2712e-06 0.12429 0.053987 0.51775 5.319e-05 0.1385
0.93507 2.9167e-05 4.3233e-05 0.00038389 0.061147 0.00039852 0.0029257
0.41729 0.13248 0.032906 2.4702e-05 0.30278 0.11452 3.4543e-06
0.00067496 0.001326 0.00068669 0.00010092 0.99497 0.00096476 0.0012768
0.38919 0.042936 0.085414 0.42949 0.017319 0.032664 0.002988
0.38518 0.43727 1.2346e-05 0.043466 3.3703e-08 9.3131e-05 0.13398
0.00034655 0.098655 0.0014802 0.0001877 0.0005647 0.89833 0.00043164
0.081442 5.6646e-05 0.0010032 0.0018344 5.3533e-07 0.91566 7.2963e-07
0.45928 8.3163e-06 4.5972e-05 2.6481e-05 0.54064 8.3284e-07 8.0607e-07
3.6107e-07 0.086485 1.3432e-05 0.89673 0.016075 0.00039927 0.00030099
0.36914 0.010634 0.11271 0.011862 0.00037075 1.5303e-05 0.49526
0.8393 0.15083 0.00065014 3.1093e-06 0.0069883 2.055e-08 0.0022346
1.7465e-05 4.0784e-08 0.058855 2.4053e-05 0.002407 0.93466 0.0040377
0.32174 0.04546 0.020369 1.0506e-05 0.18787 0.004561 0.41998
0.0019683 0.00030593 0.1371 0.00022989 0.0039813 0.32729 0.52912
1.9641e-06 0.79245 0.0086997 1.1541e-06 0.013806 0.00034115 0.1847
8.6892e-07 3.5566e-05 3.0964e-05 1.6805e-08 0.92838 0.071511 4.2663e-05
0.22073 0.27275 0.025507 0.4586 0.0036875 0.018538 0.00018145
0.0044869 0.0026053 0.0070035 6.9561e-05 0.83138 0.081705 0.072746
0.065867 0.00040694 0.44255 0.0025137 1.0979e-06 0.41903 0.069628
0.017574 0.17853 0.017156 0.0021982 0.54581 0.18766 0.051078
0.14673 3.7218e-06 0.087143 0.22669 9.2508e-05 0.53934 3.3782e-06
7.8093e-07 5.1461e-07 0.00052725 0.381 6.2949e-08 0.61842 4.7064e-05
2.9899e-05 6.8695e-06 0.039559 0.24986 0.62409 0.086349 0.00010912
0.60728 0.017065 0.1669 0.0013278 0.057135 0.0016804 0.14861
8.9293e-06 0.068048 0.19926 0.68001 0.0085085 0.044059 0.00010489
0.33896 0.00035078 1.4112e-05 5.4479e-05 0.66007 0.00023517 0.00031689
0.068796 0.23001 0.04054 0.4018 0.0055611 0.0088726 0.24442
0.00031922 0.0017916 0.076963 0.87518 7.0943e-05 0.045579 9.2233e-05
0.08414 0.00032298 0.5813 0.10193 0.13547 0.087473 0.0093636
0.0016789 0.016405 9.1761e-06 6.189e-05 0.98097 0.00028819 0.00058641
0.0063881 0.0078581 0.014852 1.3543e-06 0.26315 0.70318 0.0045786
0.66721 0.27765 0.052987 0.00033675 9.6118e-05 0.00030847 0.0014105
0.00053293 2.2855e-05 0.80615 0.00058179 0.011936 0.0004319 0.18035
2.0159e-06 0.18145 0.091845 1.1457e-06 0.092933 0.01191 0.62186
0.45316 5.1001e-05 0.001901 0.53796 2.5308e-06 0.0069269 2.7504e-06
0.00063968 0.0070223 0.010744 0.0003475 0.96237 0.00073486 0.01814
0.098179 0.017842 0.4645 0.23894 1.8367e-05 0.011084 0.16944
0.99009 0.0066181 1.3055e-06 4.2594e-07 0.0030172 1.1555e-07 0.00026856
0.30963 2.1449e-05 0.20641 8.7988e-07 0.023948 0.027292 0.4327
0.00080954 9.4909e-06 0.62986 1.1494e-06 0.36511 0.0035846 0.00062887
0.010445 0.38177 0.001423 0.35519 0.056796 0.16477 0.02961
0.0058209 0.28447 0.015164 0.50621 0.085059 0.0033682 0.09991
0.20192 0.058856 0.28341 2.5637e-07 0.0347 0.015269 0.40584
0.041008 0.0097568 0.73154 0.018356 0.14857 0.050477 0.00028888
3.5615e-05 3.6001e-09 0.59505 6.685e-10 1.6791e-05 0.0002588 0.40464
0.61769 0.00015331 8.5122e-07 5.7864e-05 0.38104 7.5216e-06 0.0010462
0.0001007 0.0061292 0.010092 0.0013443 0.84549 0.00026179 0.13658
0.012167 0.003847 0.1805 9.9566e-06 0.047713 0.74728 0.0084788
0.042571 0.027041 0.11503 0.17612 0.4578 0.016441 0.16499
0.0061629 0.0033417 0.1366 0.021554 0.81846 0.00077653 0.013109
0.00063867 0.7159 2.6927e-06 0.018111 0.12845 0.010827 0.12608
0.16701 0.079638 0.00044548 4.1752e-07 0.65777 0.094899 0.00023293
0.19693 0.13784 0.054053 0.012541 0.52101 0.022172 0.055453
0.30392 8.637e-05 0.65485 4.8268e-05 5.6174e-05 8.6321e-07 0.041035
4.9447e-09 0.0074314 1.6426e-06 2.7809e-07 0.00063817 0.99192 5.887e-06
0.64397 0.059544 0.0042577 0.069428 5.3748e-06 0.22277 1.846e-05
0.23369 0.00034447 0.66519 0.0017418 0.039754 0.0004143 0.058864
0.00043327 0.17369 0.011337 0.00017376 0.00091736 0.44774 0.36571
0.00090664 0.1019 0.04365 0.8118 0.0090975 0.029855 0.0027929
0.0028985 0.46683 0.0025319 5.1414e-09 0.00030186 0.08514 0.4423
0.1969 0.0011252 0.74409 0.036331 0.00032658 0.021148 8.0606e-05
1.131e-05 5.8235e-05 0.0061511 3.392e-05 2.6193e-06 0.99374 1.9229e-06
0.092646 0.10971 0.21699 0.00086673 1.3224e-05 0.57785 0.0019245
0.0004207 0.0015835 0.17243 0.0086937 0.24069 0.46317 0.11302
0.0011268 0.0083913 0.083641 0.15143 0.031643 0.72372 4.6426e-05
0.013346 0.0011104 0.018918 0.0018603 0.64983 0.0023203 0.31262
0.20964 6.5141e-05 0.055868 0.00061608 0.22927 0.28358 0.22097
0.020304 0.1955 0.088553 2.3005e-05 0.18323 0.034665 0.47772
0.00015711 0.014858 0.0083206 0.0024493 3.4462e-06 0.96848 0.0057341
0.65143 1.1608e-05 0.11842 4.3003e-07 3.0613e-05 2.3506e-06 0.2301
3.5001e-05 0.0014647 0.00035838 5.825e-05 0.99407 0.0040174 3.2234e-07
0.00092428 2.3779e-05 0.00029623 0.99379 0.00071755 0.0042434 1.5313e-06
0.053671 0.0023813 0.054623 0.018554 0.80393 0.00052869 0.066312
0.49174 0.00031617 0.37037 0.0058524 0.057138 0.073815 0.00077755
0.011297 1.5522e-05 0.061969 0.92661 9.9176e-07 9.7416e-05 9.6891e-06
3.492e-07 2.5186e-11 2.1518e-06 5.1016e-06 5.3036e-05 3.4347e-12 0.99994
0.0083788 0.15456 0.11172 0.00059089 0.57154 0.14921 0.0039925
0.55494 0.24248 5.879e-05 1.7662e-07 0.14482 0.00094443 0.056762
0.014114 5.7296e-09 0.64001 0.002403 0.0021316 0.0015261 0.33981
0.15042 0.00019819 0.16635 0.66004 0.0012117 0.020606 0.0011783
0.11215 0.088684 0.0010073 8.5217e-06 0.69773 0.00052656 0.09989
6.5323e-09 1.7982e-08 7.0878e-06 0.99999 2.2566e-09 4.7457e-06 2.0792e-08
0.32635 0.12868 1.8538e-05 7.6569e-08 0.12788 0.0001077 0.41697
0.0013827 0.51538 0.00026203 1.2058e-05 0.28394 0.0014751 0.19755
0.51469 9.2308e-05 0.20425 6.7781e-05 0.19368 4.4594e-06 0.087223
0.12831 0.0018661 0.013182 0.004164 0.85241 6.4688e-05 4.7678e-06
3.7016e-08 0.00063966 2.3683e-07 0.9993 5.5002e-05 1.8926e-06 5.9496e-10
0.33433 4.0656e-05 0.00050967 0.057195 0.60788 4.1312e-05 3.6189e-06
0.16178 0.0012838 0.50047 8.3265e-07 0.00012933 0.33622 0.0001099
3.5763e-05 0.00018613 2.7569e-06 0.98756 0.00020342 0.01116 0.00085718
5.0572e-05 0.010756 8.6639e-05 1.5691e-06 0.80211 0.18699 4.2868e-06
0.039403 0.27453 0.0022122 0.013023 6.1234e-05 0.67077 7.7321e-07
0.074045 0.29553 0.00060997 9.0773e-06 0.14843 0.0080237 0.47336
0.010114 0.04335 0.0752 0.0030384 0.58832 0.0010666 0.27891
0.25067 0.016402 0.11847 0.23117 0.17721 0.14443 0.061647
0.00059167 0.29123 1.4163e-06 0.69894 4.6273e-05 0.0091869 5.0359e-07
9.0769e-05 5.9053e-08 0.0064464 4.2748e-05 0.60905 0.0001572 0.38421
0.10204 0.020733 0.0049183 0.0037211 0.8456 0.0093863 0.013602
0.53133 0.3471 2.4092e-05 2.8719e-05 0.0070839 0.11442 4.6085e-06
0.67927 0.019086 5.7468e-05 4.0024e-06 0.18902 0.055007 0.057554
0.16325 0.023286 0.10249 0.31563 0.12497 0.085441 0.18495
0.7852 0.088478 0.00057508 9.1616e-06 0.10741 0.0091202 0.0092131
0.0022605 0.015222 0.093078 0.0065746 0.36054 0.4953 0.027033
0.004357 0.28948 0.0011724 3.8991e-05 0.67044 0.023329 0.01119
0.0057238 6.0896e-05 0.00044924 9.2711e-07 0.84836 0.14539 1.8838e-05
0.67565 0.0002636 0.22821 0.00013887 6.2347e-06 0.087103 0.0086362
0.090673 0.036424 0.39185 0.42444 0.0069266 0.0084284 0.041259
0.00082479 0.041879 0.60263 0.0015184 0.086718 0.25813 0.0082931
0.0006424 0.0016732 1.5445e-05 4.3887e-05 0.0024851 0.99406 0.0010752
0.030303 0.0019619 0.0055745 0.00032828 0.00084305 0.96099 1.0318e-08
0.91943 0.0087659 0.00040577 0.019026 0.021392 0.030701 0.00028143
0.011058 5.8716e-05 0.16407 8.2311e-06 0.0033646 0.80489 0.016552
0.00049187 0.02754 0.034939 0.82497 1.9506e-05 0.11197 7.0988e-05
0.00064917 0.0001682 0.35221 4.6349e-10 0.00052491 0.00028238 0.64617
0.14013 0.0084984 0.11982 1.9556e-05 0.65261 0.00054843 0.078369
0.37124 0.25387 0.00034375 0.20408 0.16925 0.0003344 0.00088002
1.3988e-05 0.0012367 8.454e-05 0.99528 0.00083295 0.0025072 4.3502e-05
0.00037969 5.9757e-06 5.0543e-07 0.99933 1.09e-06 0.00028182 5.2023e-06
0.24136 0.12369 0.24914 0.072692 4.0802e-06 0.0003303 0.31278
0.23267 0.032505 0.12859 0.01296 0.4615 0.13175 3.4895e-05
0.00023514 0.00023423 0.0017702 0.81429 0.0016032 0.17423 0.0076383
6.1302e-05 0.15504 1.6508e-05 4.7287e-07 0.83386 0.0034658 0.0075553
8.3541e-06 0.55715 0.27182 0.00022823 6.9008e-05 0.17072 7.3326e-07
0.3345 0.27609 0.070994 0.0042624 2.2651e-05 0.30835 0.0057832
0.096166 0.11195 0.00057279 0.021727 0.76519 0.0040477 0.0003444
0.095161 0.22446 0.092381 0.11161 0.0097104 0.043697 0.42298
5.6116e-05 1.3268e-06 2.2817e-05 0.43928 4.2469e-05 0.56059 4.1133e-06
0.02782 0.001368 0.37854 0.36862 0.045519 0.16927 0.0088638
0.063885 8.3725e-05 0.020129 0.56041 0.20205 0.00033372 0.15311
1.0279e-08 7.0311e-06 1.999e-09 0.99999 3.5147e-09 3.6883e-06 3.3161e-07
0.83804 0.00017166 0.082967 0.0066085 1.3624e-05 0.072192 1.1714e-05
0.48188 0.011678 0.029649 0.014417 0.34537 0.031333 0.085671
0.86908 0.0030652 0.016697 3.8439e-06 0.0011618 5.3737e-08 0.10999
0.19099 0.062515 0.039987 0.53581 0.15375 0.015979 0.00096875
1.3945e-05 0.12849 0.052179 0.56784 0.00032317 0.25115 1.2938e-07
0.26459 0.039076 0.058206 0.14204 0.49115 0.00012839 0.0048008
4.543e-06 2.7399e-06 3.7379e-07 0.99732 0.0026676 2.2177e-09 1.8282e-07
0.7467 1.2785e-05 2.1748e-07 0.25328 5.0931e-06 2.1122e-08 2.3629e-06
0.83962 3.5248e-06 4.0905e-05 0.16026 3.1867e-05 4.5446e-07 4.8269e-05
0.99671 7.5805e-09 3.2717e-07 2.2289e-05 1.4997e-06 8.9745e-12 0.0032672
0.14215 0.14805 0.35054 0.21046 8.7829e-06 0.0015227 0.14727
0.16448 0.21473 0.14514 0.0031841 0.061314 0.39682 0.014331
0.19636 0.00011937 0.00044355 0.00012011 0.34565 9.5966e-05 0.45721
0.055882 9.6839e-05 2.3807e-06 0.94224 8.7181e-06 3.2378e-06 0.0017645
0.0034266 1.7465e-09 4.3264e-12 0.99657 2.0733e-09 3.137e-12 7.7716e-12
0.0019863 2.9346e-07 3.7004e-06 0.99801 8.6527e-09 1.7996e-07 4.9262e-07
0.026296 0.09298 0.0015029 0.009896 0.40611 0.46108 0.0021428
0.19629 1.3558e-06 0.0086017 0.77969 0.00013749 8.5892e-07 0.015283
2.7175e-06 0.19098 0.11604 0.68175 9.8947e-06 0.010948 0.00026931
0.091771 4.1067e-06 0.38154 0.43625 9.9148e-06 3.0741e-05 0.090397
0.97405 4.4844e-05 7.5502e-07 9.3266e-10 0.0246 3.389e-10 0.0013038
0.44019 0.00012702 0.30515 0.20166 0.00019192 0.0011948 0.051489
0.0042116 0.24573 0.17217 0.057332 0.023699 0.31283 0.18403
0.45383 2.6672e-05 3.6625e-07 0.54603 0.00011998 2.396e-09 9.9879e-10
0.091001 0.025716 0.24286 0.023474 0.1449 0.3293 0.14275
0.00108 0.00041693 0.014177 0.00095664 0.53904 0.0014099 0.44292
3.9499e-06 4.9674e-05 0.033146 0.66421 0.30002 0.0025701 4.1202e-08
0.058384 0.0030907 1.8123e-06 0.89207 0.0003349 0.045951 0.00016893
0.044678 0.26374 0.074707 0.56825 0.048139 0.00025151 0.00024047
0.22359 0.0018052 0.30344 0.0024914 0.32538 0.10588 0.037396
0.0012353 0.035271 0.003626 0.95744 3.0572e-05 3.967e-06 0.0023909
0.070395 0.38008 0.32148 0.0049583 0.20677 0.0057712 0.010547
2.1484e-05 5.28e-08 1.2106e-10 0.99998 1.1197e-07 1.944e-09 5.4013e-09
0.49191 9.25e-05 0.026357 0.4753 1.8833e-06 5.5399e-07 0.0063446
0.39384 0.012619 0.00051339 0.0027308 0.54558 9.5808e-06 0.044708
0.00093397 0.46326 0.021683 0.001158 0.49541 0.014171 0.003388
0.99154 6.5334e-05 1.9599e-05 0.0083553 1.9282e-05 6.1556e-07 6.2131e-08
0.000337 0.010938 0.40798 0.13989 0.31038 0.083808 0.046668
0.0027337 0.035685 0.0011915 0.95985 6.922e-07 0.00053471 4.4723e-08
0.002094 0.00073564 8.3091e-05 0.90166 0.076914 3.067e-07 0.018518
9.3762e-05 0.00011595 4.9418e-05 0.99865 9.455e-06 0.0010783 1.0281e-07
0.030359 0.40263 0.036194 0.36975 0.15905 0.00024829 0.0017715
0.15523 0.063021 0.12702 0.63203 0.010311 5.6392e-06 0.012375
0.84372 0.071409 0.0047104 7.3451e-05 0.0043842 0.00051264 0.075187
0.016126 0.044527 0.084674 0.39145 0.0068901 0.45607 0.00026327
0.35174 0.24281 0.19695 0.0028168 2.4405e-05 0.0083685 0.19729
0.00023514 0.0026356 4.4365e-05 0.99708 5.203e-08 1.2355e-07 8.8052e-06
9.1232e-05 0.48016 0.0010957 0.49019 0.025219 0.0032271 1.8097e-05
0.38092 0.058113 0.05249 0.49677 0.0021059 0.0095222 7.2817e-05
0.027423 0.014904 0.0047074 0.69081 0.19017 2.4268e-05 0.071965
0.13915 0.1426 0.00042824 0.078739 0.6279 0.00013174 0.011059
0.0031463 0.2164 0.019893 0.74184 0.00041684 0.0049944 0.013311
9.6427e-06 0.0036326 0.021089 0.90004 2.3507e-05 0.075167 3.6682e-05
9.1966e-06 0.029564 0.00013853 0.94196 5.1601e-05 0.028111 0.00016814
0.73683 0.023382 0.19175 0.026259 0.00078876 0.018501 0.002493
0.3118 0.037466 0.31804 0.0070074 0.050444 0.20083 0.074404
0.13658 0.040213 0.27287 0.064082 0.37208 8.6155e-06 0.11416
0.091197 0.060392 0.23079 0.00038654 0.61619 0.00013065 0.00091011
4.8984e-06 0.0012371 1.3309e-07 0.99864 0.00011137 3.1587e-06 9.5834e-07
0.026915 0.010724 0.1686 0.61606 0.17663 0.0010433 3.1859e-05
0.0025243 0.0070304 2.2972e-05 0.099738 0.89057 0.00011448 2.5456e-06
0.1261 0.00255 0.016963 0.11295 0.47444 0.0024621 0.26454
0.076288 0.049427 7.1963e-05 2.0833e-05 0.86395 0.010246 9.6897e-08
0.00095867 0.056864 0.068976 0.019033 0.49245 0.33047 0.031249
0.013559 3.7289e-05 9.8281e-09 0.9864 1.4253e-06 1.9412e-08 7.1149e-07
0.00053237 0.0056035 0.0030873 0.025673 0.86669 8.6387e-05 0.09833
0.0014017 1.2458e-05 0.78214 0.0010911 0.20893 8.3409e-05 0.0063387
5.5363e-05 0.01877 0.2103 0.0027625 0.00033808 0.76777 1.0705e-06
0.1488 0.054345 0.17015 0.00034584 0.60228 0.023744 0.00033197
0.00011771 8.5543e-05 0.0046026 1.5143e-05 0.95566 0.00091692 0.038597
0.0095582 0.058008 0.0020253 0.0069923 0.92242 0.00071265 0.00028536
0.61071 0.26678 0.10875 0.012764 5.7404e-06 0.00084744 0.0001443
0.015739 0.015803 0.051424 0.58097 0.24268 0.0039046 0.089477
0.21626 0.00021591 0.18331 0.021822 0.44348 0.0048833 0.13002
0.015819 3.3586e-07 0.076583 0.0020037 0.16045 5.1286e-08 0.74514
0.18734 0.24356 0.23253 0.01793 0.096243 0.00029484 0.2221
0.032454 0.001889 0.0055638 0.70996 0.11254 0.0076947 0.1299
0.013138 0.00081304 0.35892 0.35702 0.1916 0.0011435 0.07737
0.017148 0.0070996 0.18908 0.016502 0.40755 0.02552 0.33709
0.043235 0.00010594 0.048603 0.079463 0.26511 0.086037 0.47745
0.00094904 0.0030703 0.10966 0.64637 0.11508 0.12485 1.7731e-05
0.0059765 0.048257 0.015242 0.60709 0.32051 0.00291 1.3684e-05
0.010584 0.3294 0.10522 0.24451 0.0051375 0.083873 0.22128
0.10765 0.083084 0.023012 0.12369 0.53779 0.1201 0.0046678
0.15634 0.0017601 0.29561 0.019984 0.28041 0.15919 0.086702
0.35566 0.010101 0.001015 0.0045469 0.56345 0.038844 0.026385
0.044072 0.32549 0.0020915 0.56716 0.031536 0.0042457 0.025405
0.0012379 5.2307e-06 4.3415e-05 0.99856 0.00013845 6.6234e-06 4.4144e-06
0.0084149 0.0002658 0.5879 0.10855 0.078528 0.21408 0.0022695
0.0056661 0.0092352 0.00027768 0.98117 0.0035925 3.0154e-05 2.5124e-05
0.012191 0.0014695 0.033494 0.26437 0.68276 0.0034155 0.0022967
0.094432 0.33439 0.11958 0.093987 0.064819 0.29277 1.8735e-05
0.0001867 0.00040503 0.27979 0.0014627 0.71331 0.0047008 0.00014726
1.7159e-05 2.0648e-05 9.7687e-07 0.99996 5.1295e-09 4.7084e-08 1.2055e-08
0.00088036 3.606e-06 0.0069465 1.0014e-06 0.19764 1.4501e-07 0.79452
0.0078423 0.17275 0.062454 0.60061 3.075e-05 0.15627 3.9514e-05
0.052152 0.0017437 6.8337e-06 0.8311 0.093734 0.021268 1.5953e-08
0.40186 0.0011987 0.10742 0.40421 0.078663 0.0066349 5.1143e-06
0.0030258 0.0089228 0.37497 0.088291 0.2724 0.25234 4.3974e-05
0.067246 0.28827 0.15926 0.040496 0.2986 0.031196 0.11493
0.34283 2.9831e-06 0.020826 1.6958e-09 0.011438 1.097e-06 0.6249
0.28843 4.2508e-09 0.037249 3.7153e-10 0.010014 2.0484e-10 0.66431
0.037119 0.0022803 1.6624e-05 0.96051 6.9015e-05 1.2506e-07 6.6378e-06
0.74739 0.12663 0.00062614 0.0015773 0.08482 0.0011807 0.03777
0.13035 0.16314 0.0013641 0.24454 0.31286 0.0070635 0.14068
0.83395 2.6925e-05 0.0011635 2.2638e-05 0.15957 6.0017e-05 0.0052086
0.0003592 0.00012707 6.6625e-06 0.9995 2.7557e-08 1.6253e-06 2.0571e-06
9.8752e-05 0.0003051 4.269e-06 0.999 6.5149e-06 4.2277e-05 0.0005392
0.00014575 0.043229 0.0020849 0.88782 0.0095228 0.0011475 0.056052
0.49361 0.17806 0.00018666 0.00047302 0.20525 0.12241 8.5972e-06
0.28556 0.22132 9.841e-05 0.040109 0.45089 0.0020142 1.0853e-06
0.63431 0.0020648 0.10704 0.24228 0.010238 0.0037381 0.00033532
0.0035808 0.0027048 0.82438 3.7216e-05 4.6353e-05 0.0035225 0.16573
0.17842 0.0034157 0.085027 0.003443 0.27481 0.031102 0.42378
0.00067877 0.1115 0.00011931 4.5338e-05 0.080875 0.80674 4.08e-05
4.1152e-07 4.5883e-05 1.8876e-05 0.99958 3.3062e-05 0.00031529 2.9177e-06
0.0066068 0.37412 0.055814 0.10289 2.2545e-05 0.45626 0.0042946
0.059252 0.19171 0.080173 0.17361 0.038851 0.43052 0.025889
1.0946e-07 0.020065 4.9874e-06 0.97953 3.3014e-06 8.3269e-05 0.00031875
0.6009 0.059391 0.25639 0.0012722 0.00024879 0.081279 0.0005213
0.18581 0.16691 0.015605 0.015697 0.56479 0.00025491 0.050926
9.9114e-07 0.0030241 7.6101e-05 0.99327 2.6304e-06 0.0036112 1.5194e-05
0.00081663 9.5984e-06 7.5907e-07 0.99856 5.8316e-09 3.7639e-05 0.00057085
2.6406e-07 4.5656e-06 0.016067 0.74672 6.2376e-05 0.23715 9.8566e-07
4.9001e-06 7.3488e-05 0.049041 0.00061473 0.12541 0.82439 0.00046932
2.4638e-06 0.0017724 0.03523 0.00013588 0.45236 0.15037 0.36013
7.573e-09 6.0459e-06 1.0407e-06 0.99998 1.264e-06 6.6543e-06 3.2936e-08
2.3663e-05 0.00016159 8.0905e-06 0.99439 3.3554e-06 0.0035067 0.0019074
1.4687e-05 0.52166 4.0556e-05 0.20336 1.8145e-05 0.27463 0.00026517
0.40853 2.3358e-06 1.5895e-07 0.58669 1.8769e-06 0.0047714 8.5621e-07
0.42839 0.00018686 0.017424 0.0015724 0.54846 0.00065743 0.0033068
0.13216 0.086241 0.037793 0.50764 0.0037045 0.23245 8.2118e-06
0.39158 0.16369 0.19467 1.0052e-05 6.3964e-05 3.1238e-05 0.24995
0.58557 0.0072747 0.0024991 0.00078226 0.12885 0.27501 5.8292e-06
9.5601e-09 1.0251e-07 4.1912e-06 4.6391e-07 0.35651 0.64348 3.334e-06
0.00018736 0.00010328 0.0001441 1.9871e-06 0.88611 0.00038107 0.11308
9.7418e-07 1.3966e-08 3.7221e-12 0.99998 2.4958e-14 3.3392e-09 2.0518e-05
0.0055564 0.80106 0.027881 0.0002579 0.015509 0.1495 0.00023451
0.00031674 0.0010978 0.22753 0.0020176 0.45699 0.3113 0.00074712
0.024992 8.9377e-07 0.91817 0.00096005 8.7453e-07 6.1281e-06 0.05587
0.1232 2.053e-05 4.5515e-05 0.15033 0.00010772 5.6885e-05 0.72624
0.00018731 0.019708 0.010591 2.2814e-05 0.9648 0.004261 0.00042472
0.0025357 0.086862 0.11391 4.2449e-07 7.6735e-05 0.36277 0.43385
0.0042852 0.82566 0.0053409 0.00010592 0.026582 0.12965 0.0083736
0.104 0.00071386 0.0088729 0.7118 0.043014 1.3487e-05 0.13159
0.69681 0.16141 0.00049542 0.12953 0.0049565 0.0010605 0.005738
0.022933 0.54977 0.00096465 0.32696 0.0016462 2.4278e-05 0.097703
2.3963e-06 0.014482 7.2934e-05 2.5341e-06 0.95909 0.026322 2.6148e-05
0.10699 0.0038801 0.059734 0.58591 0.035856 0.019857 0.18777
0.088179 7.0527e-07 0.013432 5.7371e-07 0.00030164 0.0010025 0.89708
0.32778 2.2489e-06 0.67163 0.0004258 4.1694e-06 3.5291e-08 0.0001575
0.00021966 0.25602 0.018535 0.0082956 0.2243 0.49003 0.0025958
0.0030312 0.15347 3.4064e-05 0.59567 0.04264 0.059426 0.14574
0.00013112 0.21929 0.0022249 0.77541 0.001152 0.0017999 8.1324e-08
0.14286 0.14286 0.14286 0.14286 0.14286 0.14286 0.14286
0.22167 0.00055492 0.19218 0.0029383 0.06206 0.0081369 0.51246
1.0894e-06 6.238e-05 3.932e-05 0.25284 0.00013541 0.74692 7.6534e-07
0.16454 0.069601 0.20234 0.48648 0.066836 0.0019345 0.0082611
0.11459 2.5698e-06 0.2342 0.273 0.08033 0.28783 0.010046
9.2007e-05 0.045325 0.00021652 0.39263 0.15518 0.40655 1.0942e-07
0.0002325 0.028863 0.028669 7.408e-06 0.93025 6.427e-05 0.011918
0.00077121 0.00060086 0.0078516 0.00026574 0.89293 0.018932 0.078644
1.966e-05 0.015609 8.5723e-05 0.32889 0.00043404 0.65496 5.9869e-08
0.66046 0.023902 0.023125 0.0026834 0.061858 0.032542 0.19543
0.0022021 2.9724e-08 0.96727 0.0082325 0.00015291 0.021676 0.00046345
0.0001374 0.00028356 3.7928e-05 8.8835e-06 0.76641 0.22528 0.0078439
0.00024417 0.00016037 0.00015982 0.0029748 3.9503e-08 0.99644 2.4034e-05
0.00032568 9.4851e-05 2.7823e-05 1.0283e-07 0.86678 0.13276 5.8847e-06
9.9279e-05 0.012227 0.010701 0.2675 0.53507 0.1744 1.0842e-05
0.045324 0.000693 1.9109e-07 0.95393 4.4396e-06 5.045e-05 7.7609e-09
0.0013287 0.17313 0.00090285 0.0098359 0.809 0.0053765 0.00042573
0.089181 0.048383 0.011912 0.010109 0.71592 0.1229 0.0015952
0.00023002 0.00037878 0.00011038 0.7733 8.0499e-05 0.19413 0.031776
0.6882 0.00097884 0.18465 0.0059006 0.11137 0.0056762 0.0032225
2.2509e-06 2.5121e-05 9.2156e-06 0.99978 3.8652e-06 0.00015299 2.2186e-05
1.0759e-05 0.062179 0.070935 6.2768e-06 0.39815 0.027761 0.44096
9.683e-07 0.0020081 3.6173e-07 0.99786 1.4206e-07 0.00011238 1.8891e-05
0.0026267 0.35486 0.031698 0.35754 0.099844 0.15342 1.1879e-05
0.026176 0.31216 0.00075057 0.0011119 0.13511 0.22408 0.30061
0.00039511 0.012558 0.0020861 0.020868 0.14811 0.79818 0.017798
