0.45295 0.0014827 0.0089926 0.00049714 0.008769 0.011822 0.51549
0.98658 8.3905e-05 0.0068422 0.0026532 0.0003251 0.0033399 0.00017937
0.48659 9.7315e-05 0.006928 0.0053986 0.19493 0.00033541 0.30572
0.97358 0.025313 0.00053401 0.00022659 5.5454e-05 0.00024929 4.1031e-05
4.0997e-06 2.3272e-05 0.001438 0.00039166 0.0002768 0.99785 1.1429e-05
0.27911 0.0078899 0.0010014 0.030194 0.57352 0.07143 0.036857
0.042717 0.0051357 0.93241 0.014644 0.00012401 0.0046406 0.00032827
0.78643 0.00023293 0.042322 0.0074591 0.095898 0.067607 4.9129e-05
0.74123 0.0002987 0.002774 4.4066e-06 0.21193 0.043662 9.8415e-05
2.26e-05 0.0041945 0.012572 0.003096 0.96666 0.0086652 0.0047924
0.060871 0.018738 0.42542 0.00082252 0.28596 0.2033 0.0048923
0.17206 0.00011754 0.00091297 0.019099 0.55318 0.24898 0.0056555
2.2677e-06 0.00012118 0.00019515 5.4171e-06 0.99838 0.0010297 0.00026385
0.11504 0.00078867 0.0079051 0.0069598 0.0038106 0.86188 0.0036157
0.00018067 0.00050553 1.239e-05 0.58553 8.0513e-06 0.41376 1.8667e-06
2.9856e-07 9.0142e-07 0.00039867 9.7463e-06 0.9042 0.095129 0.00026555
0.022948 0.00011619 0.23109 0.18556 0.47264 0.07686 0.010781
4.6109e-07 7.4463e-07 5.5933e-07 0.99952 3.1527e-06 0.00047207 1.4208e-06
9.8751e-05 0.00015916 9.3832e-05 0.99941 0.00019991 2.1221e-05 1.878e-05
0.00097524 0.0071693 0.02788 0.0020432 0.95603 0.0058249 7.597e-05
0.080854 0.15555 0.72064 0.00089828 0.026753 0.014579 0.00072613
0.00021155 0.0004188 8.7612e-05 0.99619 0.0024252 0.00053294 0.00013601
0.40744 0.19506 0.075487 0.11084 0.012708 0.065311 0.13315
0.24302 0.040453 0.0007523 0.16146 0.20204 0.34832 0.0039643
0.01352 0.16368 4.8463e-05 0.82217 0.0001914 0.00032419 5.836e-05
0.00053168 0.00088172 0.00024341 0.84907 0.00013386 0.14895 0.00019083
0.057716 0.0006566 0.017271 0.015407 0.42996 0.46215 0.016845
0.45526 1.1328e-05 0.032463 0.001375 0.50999 8.7997e-05 0.00080855
0.23815 0.23671 0.012263 0.35718 0.090355 0.062473 0.0028651
0.00070602 0.017583 0.83989 0.00034045 0.057113 0.047756 0.036616
0.016327 0.0042278 0.23624 0.37324 0.32366 0.0020745 0.044232
0.25397 0.017179 0.31111 0.00049014 0.10672 0.24619 0.064339
0.0029211 0.24383 0.012266 0.0001079 0.0012689 0.73155 0.0080567
0.81992 0.00057506 0.021209 0.00019983 0.0044009 0.15237 0.0013215
0.00070821 0.21219 0.0057897 0.0072969 0.15101 0.61634 0.006665
0.00076695 0.20417 0.00108 0.0050798 0.2771 0.49114 0.020658
0.98388 0.010794 0.0049857 1.7056e-05 0.00028515 3.0261e-06 3.0231e-05
0.030696 0.0052602 0.075902 0.086989 0.77285 0.02395 0.0043563
5.2962e-05 3.1673e-05 0.00038934 0.28861 0.00032221 0.71051 8.5214e-05
0.067934 0.00047562 0.063588 5.3155e-05 0.0065475 0.82446 0.036942
0.042414 0.53158 0.014553 0.013086 0.0076749 0.37602 0.014672
0.021706 0.90173 0.00053811 0.029992 0.039971 0.0024808 0.0035839
0.0018658 0.24547 0.083697 0.097036 0.54465 0.0018012 0.025478
0.0018715 0.41838 0.055599 0.032336 0.41875 0.0067097 0.066356
0.00032203 0.085358 0.59119 1.0278e-05 0.033542 0.28059 0.0089922
0.004843 0.00026171 0.3445 0.0025007 0.22729 0.073651 0.34695
0.0025489 2.0049e-05 1.466e-05 0.99656 0.00057644 5.0751e-07 0.00028238
0.00037758 3.7308e-05 5.465e-05 0.99756 0.0008039 0.0011555 1.2592e-05
0.031507 0.00031735 0.030561 0.0004706 0.14794 0.78713 0.002068
0.056229 0.023038 0.27648 0.55081 0.056044 0.0050721 0.032327
0.61328 0.0061441 0.033576 0.18886 0.11908 0.038701 0.00036079
0.00059436 0.00081559 0.00035789 0.0011543 0.59377 0.403 0.00031567
0.0040282 0.048128 0.037196 0.25224 0.653 0.0052432 0.00016307
0.014864 0.043116 0.0082752 0.28137 0.28561 0.36663 0.00013426
6.3893e-06 2.3491e-05 8.2491e-08 0.99996 1.7965e-08 7.915e-06 2.1632e-06
0.67915 0.0073958 9.5857e-05 0.25654 0.0041614 0.052338 0.00030987
0.0059273 0.0011224 0.054341 0.10943 0.024422 0.37755 0.4272
4.7328e-05 6.135e-05 5.2013e-07 0.99987 1.249e-05 5.0643e-06 2.7842e-07
0.00012308 0.022994 0.0029416 0.0038508 0.95325 0.015241 0.0016002
0.0048842 0.036537 0.0080156 0.00096651 0.0036327 0.024779 0.92118
0.0015544 0.12657 0.0088848 0.051476 0.21733 0.018169 0.57601
9.7665e-05 0.00012426 0.0037797 0.80507 0.001803 0.1867 0.0024247
0.10696 0.061587 0.032524 0.57397 0.21198 0.001627 0.011355
0.75131 0.067489 0.015632 0.0031482 0.092547 0.062833 0.0070394
0.55825 0.00069589 0.011472 0.42266 0.0021832 0.0043949 0.00033539
2.1119e-05 0.0043962 0.054584 0.75629 1.3981e-05 0.18469 6.7865e-07
0.24117 0.0032946 0.031913 0.097411 0.21008 0.40604 0.010088
8.1011e-05 1.8621e-06 2.2303e-06 0.99962 6.8575e-05 0.00010604 0.00012229
4.7423e-05 0.0032272 6.3191e-05 0.98358 0.00015478 0.012928 1.8909e-06
0.21386 0.0003053 0.32743 0.00077732 0.020278 0.36592 0.071428
0.11804 0.010425 0.013922 0.66793 0.16106 0.022749 0.0058855
5.8418e-06 0.0011634 3.4387e-05 0.00096739 0.002867 0.99334 0.0016226
0.65302 0.13262 0.011213 0.018708 0.041972 0.08539 0.057073
0.078109 0.040878 0.0059024 0.00015378 0.018678 0.033711 0.82257
0.00030575 0.024884 0.00053388 0.1166 0.85572 0.0018865 7.6574e-05
0.54777 0.0058166 0.00062105 0.39929 0.019443 0.027016 4.6618e-05
0.032772 0.018116 0.14826 0.7804 0.0091157 6.6462e-05 0.011271
0.011438 0.014429 0.017566 0.076828 0.79929 0.00074777 0.079696
0.50044 0.00065309 0.17324 0.020617 0.0013638 0.30361 7.7309e-05
0.4076 0.00053328 0.00031548 0.21652 0.002174 0.3724 0.00046319
0.83045 0.001986 0.0018672 2.3424e-05 0.00040186 0.072587 0.092688
0.0060532 0.32094 0.059711 0.57844 0.011428 0.0054375 0.01799
0.047363 0.20968 0.0062491 0.03954 0.068098 0.58308 0.04599
0.095705 0.13763 0.52351 0.069453 0.15552 0.015609 0.0025753
0.45071 0.22134 0.010337 0.0083453 0.20903 0.099572 0.00066127
0.0039471 0.10195 0.042036 0.10753 0.41647 0.12494 0.20313
0.59519 0.00066771 0.034758 0.010563 0.35353 0.00030981 0.0049735
0.030481 0.011637 0.0016431 0.0051649 0.10954 0.84134 0.00019478
0.16698 0.0031366 0.13407 0.61797 0.00022485 0.070303 0.0073145
0.20275 0.022896 0.20477 0.012251 0.014361 0.54266 0.00031276
0.0071467 7.5082e-06 0.0022233 0.94469 3.9902e-06 0.045923 8.2394e-06
0.010843 0.019955 0.0011242 0.00010522 0.63354 0.27896 0.055472
0.049664 0.01183 0.0085151 0.37759 0.41637 0.058987 0.077049
4.709e-06 0.00094929 5.548e-05 0.26637 0.24775 0.48486 1.0602e-05
0.60277 0.0017794 0.0083503 0.15631 0.0017085 0.22396 0.0051206
0.00012331 0.00012511 0.49 0.00018743 0.4763 0.02342 0.0098408
0.76109 0.20425 0.00076812 1.3306e-05 0.0009322 0.0021125 0.030836
0.99682 0.0030325 7.4893e-05 6.4366e-06 4.8283e-05 1.207e-05 3.8572e-06
0.013135 0.0021897 0.092841 0.00074489 0.83724 0.0058085 0.04804
0.00052465 0.0034513 0.13734 0.00014601 0.80957 0.045561 0.0034099
0.10841 0.0013043 0.39913 0.10405 0.29891 0.0088543 0.079356
0.0015417 0.030873 0.0011879 0.35413 0.0021748 0.60984 0.00025565
0.79131 0.025522 0.025938 0.00011035 0.0015423 0.15553 4.6467e-05
0.022066 0.00034225 0.001326 0.0010852 0.35375 0.62139 3.4581e-05
0.29407 0.060005 0.21603 0.00071935 0.42714 0.0019553 8.4521e-05
0.031054 0.0011487 0.011845 0.00070707 0.87281 0.081686 0.000745
0.68989 0.060558 0.081928 0.02942 0.00028293 0.12484 0.013073
3.8167e-08 1.2426e-06 5.1318e-10 1 5.9164e-08 1.0623e-07 4.083e-08
0.66834 0.048111 0.12135 0.099047 0.011018 0.014532 0.037598
0.80358 0.00064576 0.0079174 8.9403e-05 0.026675 0.16093 0.00016574
0.40059 0.021591 0.00034037 0.010432 0.010611 0.55421 0.0022289
0.10503 0.00042666 0.0012612 0.00023953 0.0025368 0.89045 5.8841e-05
0.00052068 0.38067 0.0018669 0.49435 0.044039 0.078352 0.00019418
0.2833 0.038276 0.0023678 0.13031 0.10835 0.13058 0.30681
0.38511 0.0018376 5.2701e-05 0.6027 5.0163e-05 0.0064972 0.0037581
0.24222 0.040957 0.089339 0.0044688 0.043025 0.013106 0.56688
1.9753e-05 3.9213e-07 4.8424e-06 8.6795e-07 0.99997 3.3171e-06 5.5792e-07
0.066995 0.060761 0.097845 0.0054148 0.063321 0.41299 0.29267
0.00019271 0.0053028 0.0037113 1.2242e-05 0.92518 3.5483e-05 0.065564
0.088794 0.77091 0.028359 0.00057746 0.02775 0.00045585 0.083156
0.13645 0.019193 0.015841 0.0073281 0.62288 0.19708 0.0012397
0.36783 0.0020967 0.03811 0.54112 0.011049 0.038638 0.0011601
0.0065345 0.13703 0.00043743 0.00027375 0.84329 0.006035 0.0063987
0.0045155 0.011714 0.063529 0.096916 0.5314 0.0034501 0.28848
0.68715 0.0019103 0.23134 0.012245 1.7663e-05 0.0063525 0.060987
0.043978 0.015471 0.3516 0.0007512 0.43649 0.1379 0.013813
0.010959 0.015258 0.12857 0.051306 0.045098 0.047369 0.70144
8.3801e-05 0.0011636 0.55746 0.00027746 0.00049004 0.00028118 0.44025
0.78695 0.00054046 0.078334 0.010334 0.0032852 4.2437e-05 0.12051
0.0002342 0.028043 0.011541 0.30192 0.00021305 0.65799 5.8023e-05
0.031835 0.29773 0.079111 0.0014576 0.0042184 0.57953 0.0061146
0.24246 0.00065922 0.42349 0.00012725 0.26241 0.070589 0.00026091
0.0026711 9.0913e-05 0.00014841 0.99127 0.00060034 0.0023394 0.0028818
0.00010809 0.95333 1.9636e-05 0.020234 0.0048101 0.021481 1.6415e-05
0.11281 0.017116 0.13326 0.0009535 0.0032615 0.73244 0.00016073
0.090579 0.37742 0.0057084 0.11876 0.10197 0.30523 0.0003275
0.21799 0.010793 0.00052505 0.76762 0.00048588 1.6398e-05 0.0025652
0.34708 0.04492 0.013204 0.027217 0.52632 0.016657 0.024608
0.00012592 0.76919 0.0029215 0.0013638 0.0015566 0.21258 0.012269
0.1204 0.044188 0.0088575 0.0050079 0.16422 0.24909 0.40824
0.0038671 0.23109 0.0027213 0.16325 2.529e-05 0.5829 0.016146
3.5273e-06 1.1085e-05 0.00062404 0.001296 0.8035 0.17661 0.017957
5.0405e-05 0.00094196 0.0005448 3.3848e-06 0.001459 0.90032 0.09668
6.765e-05 0.00044263 0.0020457 0.19463 0.61729 0.0030706 0.18246
0.68858 0.0046241 0.051306 0.071786 0.01944 0.15555 0.0087118
5.6609e-05 0.014557 0.00046575 0.00040629 0.0092203 0.97395 0.0013396
0.56396 0.023198 0.0013896 0.044376 0.00014053 0.0088745 0.35806
0.036881 0.005141 0.21525 0.0041453 0.01802 0.71999 0.00057179
0.093767 0.12637 0.28649 0.015422 0.34354 0.12317 0.011254
0.82941 0.086961 0.0049938 0.0003073 0.054318 0.017603 0.0064035
0.00016414 1.5606e-05 6.5324e-07 0.99542 0.0040766 0.00032029 8.9978e-07
0.022769 0.043648 0.00098414 1.6502e-05 0.004381 0.22025 0.70796
0.00053803 0.00015038 6.1596e-05 0.88247 0.10288 0.013895 1.9867e-06
5.5028e-06 5.1279e-06 1.6148e-06 0.99988 3.1567e-05 6.2988e-05 1.2903e-05
0.00024735 0.17543 0.00034569 0.010177 0.31621 0.49746 0.00013068
1.9305e-05 8.2977e-06 1.8884e-06 0.99985 2.8232e-05 7.8634e-05 1.773e-05
0.00043918 0.00070145 2.5204e-05 0.00016219 0.72445 0.27284 0.0013884
0.020969 0.001107 0.19661 0.01188 0.74758 0.010778 0.011074
0.035487 0.069921 0.00020172 0.4225 0.13266 0.33884 0.00039042
0.0036268 0.00061582 0.029124 0.0036535 0.064336 0.16397 0.73468
0.0011898 0.0011578 0.53423 0.0015947 0.00021231 0.0016835 0.45994
0.0024895 0.0010808 0.22982 0.068839 0.59317 0.10369 0.00090661
0.0067898 0.03473 0.3285 0.00014286 0.0073036 0.040593 0.58194
0.0021794 0.0086409 0.036487 0.0013846 0.46895 0.34483 0.13753
0.61978 0.011742 0.13716 0.085783 0.0052764 0.0041387 0.13612
0.71667 0.070845 0.15967 0.00080652 0.010523 0.00057493 0.040911
0.0070517 0.0064843 0.0019038 0.00034775 0.20176 0.78227 0.00018173
0.00413 2.5409e-05 0.00011777 0.00038109 0.055277 0.93986 0.00020525
0.10979 0.0045567 0.017339 0.00019853 0.07319 0.0035077 0.79141
0.73042 0.00092984 0.00085441 0.018981 0.049901 0.028373 0.17055
0.4177 0.01342 0.0014808 0.013855 0.0028402 0.5055 0.0452
0.017099 0.0064971 0.0030861 0.73099 0.23799 0.0033557 0.00098324
0.0011649 0.055284 0.1468 0.0060535 0.10817 0.67642 0.0060983
0.00039898 0.0017433 0.076168 0.033273 0.0085026 0.87968 0.00023255
0.044688 0.030207 0.024105 0.00043179 0.014073 0.12517 0.76132
0.9955 5.5209e-06 0.0042232 1.5476e-05 0.00025479 1.7299e-06 5.0075e-07
0.42108 0.012862 0.12557 0.048975 0.088235 0.15434 0.14894
4.3469e-06 0.14554 1.5394e-06 0.79398 1.4597e-06 0.060469 1.1322e-05
0.082304 0.00028305 0.002122 0.70719 0.19363 0.00048882 0.013984
0.30685 0.32062 0.010365 0.075612 0.17133 0.11151 0.0037184
0.41918 0.038763 0.0015415 0.00098652 0.095673 0.005857 0.438
0.048082 0.74683 0.13467 0.018363 0.022451 0.0075585 0.022042
0.61011 0.048634 0.0061889 0.0005804 0.015871 0.0005418 0.31807
0.29624 0.15509 0.33623 0.0055701 0.028543 0.0068631 0.17146
0.00075552 0.0012254 0.0059999 0.98562 0.0014531 0.0048925 5.3042e-05
8.3711e-05 0.012097 0.014173 0.00013734 0.81112 0.1604 0.0019966
0.29644 0.21998 0.0024385 0.0041905 0.057498 0.41891 0.00054197
0.00047095 0.40973 0.0037076 0.4519 5.5223e-05 0.13347 0.0006653
0.025284 0.019809 0.094918 0.0035857 0.73453 0.12163 0.00023826
0.019821 0.48131 0.017623 0.00076235 0.078497 0.39037 0.011617
0.075862 0.24702 0.0016798 0.18899 0.19069 0.061557 0.2342
1.4282e-06 0.00013671 3.6374e-07 0.99982 6.3331e-08 4.4242e-05 4.4938e-07
0.16934 0.11315 0.33669 0.00016716 0.22559 0.031948 0.12311
0.050333 0.25623 0.00073868 0.0018693 0.29688 0.2979 0.096057
0.56594 0.17331 0.015125 0.0012329 0.22502 0.018453 0.00091577
0.082241 0.020402 0.0097201 0.47161 0.002871 0.40686 0.0062995
0.26422 0.0024139 0.0061349 0.00020458 0.00083752 0.72616 3.4796e-05
0.0089381 0.31173 0.0030064 0.032719 0.16434 0.4757 0.0035633
0.26716 0.010965 0.0025651 0.37166 0.0046403 0.32903 0.013978
8.9668e-05 0.039358 0.89096 0.0022429 0.00012738 0.028033 0.039189
0.58969 0.014445 0.03684 0.00026983 0.16168 8.5436e-06 0.19706
0.0055303 0.64628 0.19335 0.00021221 5.0588e-05 0.0037921 0.15078
0.96717 0.0094598 0.023112 8.0961e-06 0.00016927 7.6165e-05 9.7069e-06
0.0020333 0.0036952 0.29914 0.00025905 0.18575 0.18089 0.32824
0.010936 0.19741 0.00085921 0.7861 1.2137e-05 0.0039275 0.00074913
8.209e-05 0.17568 0.00024646 0.0001666 0.12794 0.68003 0.015861
2.5195e-05 0.32442 7.3161e-05 0.66992 4.0835e-05 0.0053935 0.0001329
0.97384 0.01786 0.00015346 0.0058687 0.0022331 1.1634e-05 3.4247e-05
0.00054339 0.12853 0.022569 0.00035204 0.014578 0.74419 0.08924
0.00061041 0.00039198 0.00051899 0.00015962 0.0038212 0.99241 0.0020898
0.17027 0.082774 0.088003 0.14152 0.02763 0.47532 0.014479
9.3636e-06 0.13191 0.0076048 0.54135 8.003e-06 0.31899 0.00012245
0.00078953 0.050651 0.50232 0.0014052 0.18001 0.26471 0.00011267
0.133 0.70981 0.0039402 0.00012395 0.020835 0.067934 0.064358
0.00030141 0.019812 0.00080578 0.00089012 0.2703 0.70354 0.0043513
0.37326 0.17027 0.0067577 0.065163 0.37706 0.0060072 0.0014787
0.60427 0.0057833 0.0089231 8.0847e-05 0.22265 0.15817 0.00013035
0.011266 0.00078551 0.010675 0.00063113 0.97554 0.00095372 0.00014748
0.00017592 0.64563 0.0084231 0.0091205 0.26014 0.034732 0.041774
0.0022366 0.29402 0.0052397 0.00047114 0.0085383 0.013176 0.67632
0.3142 0.00039345 0.00015659 0.0058511 0.080258 0.59875 0.00039551
0.0031358 0.09072 0.098198 0.00060813 0.47918 0.2392 0.088958
0.00048241 0.0047979 0.055594 0.00088138 0.57867 0.348 0.011579
0.0035756 0.00016441 0.13267 6.2166e-06 0.0041711 0.55474 0.30468
0.45368 0.0045352 0.010255 0.00078347 0.08068 0.44943 0.00063629
0.81586 0.014561 0.0016422 0.0011047 0.063574 0.10324 1.9405e-05
0.37355 0.0013242 0.024327 0.30236 0.12199 0.17362 0.0028256
0.88575 0.023331 0.0078891 0.00057877 0.051737 0.030352 0.00036559
0.078027 0.0014854 0.018148 0.0091952 0.44102 0.45174 0.00038531
0.54522 0.011683 0.21746 0.0084803 0.0036826 0.19597 0.017497
0.69294 0.00080517 0.0071326 0.0011323 0.22576 0.072077 0.00014665
0.31219 0.098408 0.0049209 0.34109 0.23428 0.00024656 0.0088609
0.96271 0.00060618 0.0088224 0.00043833 0.027203 6.3046e-05 0.00015517
0.0097735 0.00032108 0.0005655 0.035026 0.95097 0.0032093 0.00013649
0.0014628 0.4864 0.34345 9.9221e-05 0.0085766 0.013219 0.1468
0.0014403 2.0204e-07 2.1844e-05 3.4788e-06 2.6048e-06 0.99853 1.8292e-07
0.19482 0.21971 0.0061264 0.0049258 0.4847 0.0083042 0.081422
0.00054316 0.00048787 3.6111e-05 0.99761 1.6321e-05 0.0011294 0.00017763
0.0003409 0.026682 0.0029474 0.0010886 0.96287 0.0044794 0.0015906
0.00034607 0.00050142 0.14631 0.00042691 0.20314 0.27375 0.37552
0.0019228 0.78545 0.013283 0.0033331 0.13285 0.001306 0.061852
8.1912e-05 0.17771 0.035735 0.012844 0.44537 0.31055 0.017705
0.0031389 9.0866e-05 0.00058874 0.073249 0.91945 0.0030146 0.00046792
0.0044639 6.6896e-05 0.92516 5.464e-05 0.052666 0.017477 0.00010686
2.8949e-05 0.029902 0.40332 0.46387 0.07235 0.029935 0.00059395
0.12864 0.008419 0.11782 0.0012907 0.097995 0.58788 0.057951
8.1342e-05 0.025526 0.0056176 0.0010702 0.25986 0.66589 0.04195
9.2666e-06 0.0764 0.0070824 0.00083485 0.02859 0.80568 0.081407
0.12407 0.010187 0.00059979 0.03053 0.076298 0.1746 0.58372
0.00063438 0.40308 0.025636 0.018872 0.54036 0.0010036 0.010406
6.2435e-05 1.0602e-05 0.00012026 4.0406e-05 0.98765 0.011987 0.00013179
0.49093 0.0096435 0.10922 0.00012684 0.2982 0.011004 0.080877
0.40032 0.0012884 0.29456 0.17829 0.0010712 0.081916 0.042552
0.088488 0.4021 0.0088759 0.023203 0.010789 0.36862 0.097931
6.8857e-06 6.5159e-06 2.5079e-06 7.9797e-06 0.99991 2.3532e-05 4.1355e-05
0.00010291 0.041509 0.069194 0.00088573 0.79086 0.097082 0.0003666
0.00031787 0.045519 0.00025639 0.0065869 0.94599 0.0007241 0.00060876
0.00087191 0.27165 1.9506e-05 0.00010667 0.47779 0.24949 6.8032e-05
6.6267e-05 0.00033005 0.23808 0.0065 0.0044356 0.74379 0.0068016
0.00015436 0.02456 0.080674 0.73932 0.15379 0.00021556 0.0012887
0.49878 0.042868 0.00033652 0.2168 0.098926 0.10435 0.037951
0.32084 0.14686 0.0033216 0.1022 0.14496 0.039732 0.24208
0.0023585 0.13976 0.00055926 0.60736 0.00013423 0.24599 0.0038379
0.17574 0.0055117 0.48309 0.18616 0.0389 0.088884 0.021715
0.87487 0.0025071 0.0015822 0.11492 0.00079438 0.0042282 0.0011067
0.010278 0.14535 0.055137 0.059332 0.16484 0.30517 0.25989
0.008908 7.2059e-05 0.32895 0.001257 0.0084513 0.12046 0.5319
0.032339 0.0021183 0.011958 0.026119 0.75932 0.1678 0.00034176
0.0039598 0.83017 0.14263 0.004932 0.00011277 0.018174 2.9231e-05
0.82708 0.043877 0.02203 0.0024317 0.10046 0.0036862 0.00043305
3.7037e-05 0.048386 0.2686 0.0093773 0.34346 0.28339 0.046747
0.98449 5.1034e-05 0.011137 0.00032819 9.6292e-06 0.00040394 0.0035838
0.99408 1.349e-05 0.0054481 0.0002564 1.9135e-05 7.956e-05 9.844e-05
0.97043 5.2622e-05 0.017161 0.00017495 2.1978e-05 0.00048533 0.011673
0.47304 0.033879 0.26083 0.0033838 0.022589 0.0014328 0.20485
0.02255 0.0015463 0.58365 0.0034225 0.000485 0.046235 0.34211
0.72278 0.0018894 0.11009 0.0001994 0.0028019 0.0040465 0.15819
0.029859 0.030725 0.14271 0.21542 0.0030574 0.57782 0.00040004
1.5203e-05 6.3894e-05 8.6188e-06 0.64246 0.34524 0.0059772 0.0062275
0.059674 0.023464 0.0047576 0.0044991 0.90085 0.0021431 0.0046149
0.1122 0.10941 0.021219 0.040477 0.57011 0.11696 0.029629
0.0014719 0.0088511 0.041596 0.0020705 0.28149 0.61848 0.046037
2.3227e-07 9.3638e-07 6.3011e-08 0.99999 9.0045e-06 4.4176e-07 2.4628e-06
0.00069426 0.231 0.0010884 0.65712 0.038963 0.070686 0.00045233
0.47161 0.26445 0.0002818 1.0683e-05 0.0092308 0.25371 0.00070699
0.017942 0.00069811 0.43579 0.38327 0.043394 0.081578 0.03733
0.0039057 0.00084382 0.76021 0.00013725 0.00081016 0.0010439 0.23305
0.80442 0.1013 0.018463 0.0042662 0.00036508 0.058021 0.01317
0.57597 0.21985 0.1237 0.034421 0.0046447 0.0076051 0.033813
0.025209 9.0558e-06 6.2987e-05 0.00053363 0.9405 0.033683 5.517e-07
0.92833 0.00010471 0.028008 3.8056e-05 0.041199 0.0022203 0.00010176
0.18767 0.0081329 0.032951 0.035307 0.5511 0.089856 0.09498
0.54384 0.0016624 0.045649 0.0071188 0.075054 0.15017 0.17651
0.0082344 0.036103 0.033925 0.020517 0.26612 0.55774 0.077356
0.022596 0.01136 0.014621 0.26074 0.40425 0.28299 0.003436
1.2099e-05 0.00034762 0.032303 2.4624e-06 0.014448 0.95287 1.6341e-05
0.57296 0.027875 0.087936 0.016233 0.0646 0.18526 0.045135
0.44747 0.0032894 0.02622 0.0083281 0.21097 0.20416 0.099556
0.81408 0.0056387 0.00020622 0.00060172 0.17812 0.00021325 0.0011394
0.34057 0.013353 0.18095 0.0013331 0.24607 0.21763 0.00010022
1.1386e-07 8.8363e-05 6.5053e-05 5.0243e-05 0.99968 0.00011218 4.2009e-06
0.19604 0.0051587 0.034133 0.76284 0.00059202 8.2429e-07 0.0012327
0.39891 0.048286 0.0017271 0.3672 7.8501e-06 0.18283 0.0010361
0.0048809 0.0027995 0.11449 0.020323 0.11153 0.72869 0.017296
0.0022385 0.00024191 0.50097 0.0005009 0.00017266 0.49546 0.00042191
0.50308 0.013675 6.3125e-05 0.00024508 0.4751 0.0072739 0.00056291
7.2664e-06 4.3384e-05 2.7226e-05 0.93067 0.0017192 0.067461 7.2589e-05
0.28743 0.29375 0.048495 8.7198e-05 0.0041582 0.0041494 0.36193
0.63835 0.00089643 0.0067601 0.0002518 0.051141 0.29455 0.0080536
0.081303 0.00033742 0.74204 0.0012278 0.0019468 0.13701 0.036138
0.18612 0.046905 0.1909 0.00070172 0.28349 0.11337 0.17852
0.0042135 0.008678 0.22696 0.0026906 0.00063216 0.6146 0.14223
2.6391e-05 0.18923 0.021078 8.0986e-06 0.45689 0.30033 0.032433
0.00014163 0.0003153 0.00025653 7.5607e-07 0.93911 0.059482 0.00069417
0.36889 0.080148 0.0047106 0.33816 0.00020504 0.20544 0.0024552
0.090818 0.012623 0.0096807 0.00017726 0.2969 0.56856 0.021238
0.49187 0.029358 0.17517 0.021554 0.00027795 0.2809 0.00087729
0.0087491 0.093882 0.00044748 0.16123 0.71559 0.0056005 0.014505
0.0023552 3.6426e-05 0.00042692 0.019124 0.00018006 0.97787 4.5849e-06
1.7235e-06 1.1324e-06 5.5344e-05 0.20829 1.7708e-07 0.79165 1.7388e-07
0.00013678 8.4008e-05 0.021139 0.49446 0.27101 0.21312 5.8032e-05
0.096368 0.014961 0.22882 0.0055317 0.0026115 0.00012932 0.65158
0.00055364 0.00059755 0.16805 0.61732 0.0068121 0.1983 0.0083651
0.24939 0.00023514 0.0026389 0.00066523 0.74227 0.00019704 0.0046018
0.6928 0.014783 0.00013471 0.29202 0.00016167 8.868e-05 1.1298e-05
0.00069477 0.00013485 0.0023902 0.91325 0.0045274 0.077748 0.0012577
0.13826 0.00019091 0.22016 0.0010208 0.60899 0.01689 0.014488
0.096852 0.24155 0.0035464 0.0041437 0.48344 0.17012 0.00034717
0.00072687 0.001127 0.00024271 2.5821e-05 0.064603 0.55272 0.38055
0.25132 0.46336 0.025523 0.0007233 0.073026 0.096881 0.089161
0.0012857 3.4589e-05 0.18235 0.0034378 0.72291 0.0045833 0.085402
0.0012806 0.035214 0.00039609 0.00022172 0.93144 0.027926 0.0035218
0.018297 0.0011097 0.14009 0.43732 0.061214 0.31896 0.023014
5.6993e-05 7.7833e-06 0.0011309 3.6766e-05 0.99747 0.00014397 0.001151
0.1252 0.029677 0.061827 0.4904 0.045353 0.19166 0.055878
0.99983 3.6441e-05 8.3541e-07 8.936e-06 0.00011277 2.4494e-06 5.937e-06
0.055714 0.071583 0.55948 0.00076492 0.040871 0.021074 0.25051
0.10852 0.020119 0.057698 0.0019365 0.097497 0.16504 0.54919
0.00043804 0.018703 0.00011179 0.025654 0.0020281 0.95292 0.00014285
0.014837 0.023151 0.24627 0.44794 0.2116 0.033693 0.022509
0.0021846 0.057867 0.2821 0.00028264 0.051156 0.50786 0.098548
0.028639 0.021577 0.18386 0.0089257 0.62524 0.12736 0.0043977
0.03944 0.002449 0.048784 0.00056774 0.67837 0.15692 0.073469
0.57232 0.0044041 0.00058226 0.033714 0.38861 0.00032301 5.0763e-05
0.0029054 0.0015102 0.00047367 2.1445e-05 0.99337 0.00016004 0.001558
0.0010193 0.0029706 0.11436 0.0002464 0.0018972 0.20136 0.67814
0.0014398 0.00046984 0.007165 7.4851e-05 0.9903 1.6102e-05 0.00053933
0.0032483 0.000333 0.0056911 4.4985e-05 0.99006 5.6543e-05 0.00056375
0.00070984 0.12283 8.0929e-05 0.00059253 0.2445 0.00037091 0.63092
0.036059 0.001622 0.0065508 0.00055775 0.10262 0.83454 0.018052
0.00037377 0.0072701 0.0001256 0.081693 0.90692 0.0033348 0.00028695
0.62585 0.00027441 0.37147 3.8222e-05 3.6296e-07 0.0023216 5.1454e-05
1.4555e-05 0.004199 2.7091e-06 8.6196e-06 0.0083914 0.98737 1.2816e-05
0.00095956 4.7183e-05 5.8857e-05 0.0081039 1.8783e-06 0.99081 1.7216e-05
0.86455 0.00081516 0.13278 0.0001143 6.02e-05 0.00023296 0.0014436
0.0034216 0.044929 0.56989 0.0019675 0.0026662 0.32217 0.054946
0.0092742 0.010032 0.0080484 0.92301 0.0088153 0.0058121 0.035006
0.017148 0.4243 0.00086734 8.5378e-06 0.0060649 0.51577 0.035847
0.10737 4.1662e-05 0.39816 0.11829 0.0013631 0.04449 0.33028
0.00058236 0.0073736 0.25809 0.0032695 0.00070726 0.72998 5.9757e-07
0.0012707 0.011808 0.96056 0.00070627 4.5123e-05 0.024344 0.0012702
0.038115 0.00015641 0.44913 0.00092876 0.15384 0.20558 0.15225
0.00019187 0.00019364 0.0022883 0.0075149 0.016803 0.9727 0.00030672
0.066795 0.005926 0.0017193 0.0027679 0.10826 0.63731 0.17722
0.043851 0.001911 0.17014 0.01939 0.10511 0.39535 0.26424
0.018003 0.024304 0.84034 0.0091862 0.0088723 0.041093 0.058205
0.00067557 0.028118 0.0034698 0.0035513 7.5633e-05 0.96404 7.2743e-05
0.96857 0.00013579 0.025304 0.0018087 1.8956e-05 0.0037681 0.00039042
0.00071958 3.0263e-05 0.00023059 0.00037255 0.99857 7.9155e-05 2.4182e-06
7.8657e-05 0.04173 0.018768 0.075864 0.013036 0.85012 0.00039823
0.028344 0.0014722 0.0075616 0.0018726 0.94327 0.0017247 0.015757
0.66618 0.00020197 0.27064 0.00013106 0.060469 0.0023496 2.1572e-05
0.63409 0.0040033 0.042997 0.23966 0.0078739 0.071027 0.00034135
0.00059222 5.8091e-06 0.95527 2.2601e-05 0.0073508 4.8145e-05 0.036715
0.0084601 0.49283 0.021894 0.0042505 0.44911 0.023136 0.00032013
0.78355 0.0014835 0.0011493 0.00013564 0.0042375 0.17419 0.035255
0.0082791 0.0026579 0.14452 0.00076592 0.033492 0.57479 0.23549
0.17067 0.00011675 0.44584 0.34569 8.0945e-05 0.036569 0.0010315
0.43142 0.0027978 0.018459 0.00096268 0.084383 0.41188 0.050098
0.00054381 0.00021459 1.1175e-05 0.99147 0.0074234 0.00019417 0.00014342
0.5813 0.00046697 0.013139 0.0012747 0.081236 0.28711 0.035472
0.0072438 0.25278 0.042616 0.018088 0.10585 0.0041357 0.56929
0.62837 0.0020877 0.17861 0.085147 0.088899 0.0014343 0.015459
0.16015 1.3173e-05 0.22504 5.0347e-05 0.59782 0.016922 1.0768e-05
6.4345e-08 1.4418e-05 3.9113e-06 0.99998 2.0345e-06 3.6455e-06 2.4142e-07
0.28518 4.3382e-05 0.090725 0.010519 0.56603 0.047377 0.0001284
0.12637 0.0063526 0.17288 0.0010338 0.41047 0.25679 0.026098
9.6768e-05 0.0099357 7.7244e-06 0.96087 0.0004028 0.027884 0.00080502
1.2342e-06 0.00091601 3.256e-06 1.0805e-05 0.029302 0.96975 1.6651e-05
0.039287 0.00086425 0.071659 0.0034305 0.084142 0.80053 9.106e-05
0.10994 0.0010399 0.07709 0.00056532 0.089072 0.0060484 0.71625
0.023414 0.037634 0.11913 0.0025706 0.020951 4.5255e-05 0.79626
0.0066044 0.057024 0.0012705 0.35853 0.22152 0.32022 0.034833
0.00015584 0.00023528 1.4979e-07 0.99921 4.7877e-07 0.00038947 5.1676e-06
0.00054685 0.0027371 0.15251 0.0070074 0.12627 0.65145 0.059472
0.0020728 0.0074992 0.00047683 0.0016198 0.62163 0.28619 0.080513
0.9835 0.0078842 0.00051848 3.894e-05 5.1453e-05 0.0079589 5.1738e-05
0.96476 0.0018541 9.381e-05 0.00012829 0.012762 0.018198 0.0022072
0.024138 0.00012255 0.38744 0.082241 0.2477 0.25809 0.00026896
0.98628 0.00064977 7.518e-05 2.4835e-05 0.011561 0.00051101 0.00090206
0.00029258 0.012959 0.019688 0.16735 0.0081932 0.78618 0.0053292
0.0014563 0.14333 0.076609 0.0012499 0.64085 0.055873 0.080635
0.5074 0.0085401 0.0033678 0.001253 0.20723 0.25295 0.01926
0.91624 0.00061644 0.067935 0.00022543 2.0247e-05 0.0080146 0.0069466
0.066843 0.0015099 0.32299 0.21047 0.026592 0.22599 0.1456
0.017174 0.084234 0.41114 0.021545 0.12113 0.33777 0.0070079
0.00045695 0.068273 0.0011003 0.00097158 0.0019564 0.8877 0.039545
0.00037507 0.001368 6.6163e-05 4.7354e-06 8.298e-06 0.99817 1.0078e-05
0.0090555 0.0083182 0.0034468 0.00045832 0.011514 0.95876 0.0084466
0.069831 0.0027421 0.10621 0.025227 0.0016916 0.051976 0.74232
0.00055811 0.052434 0.021622 0.83344 3.1968e-06 0.091922 2.5738e-05
0.48932 0.002041 0.42818 3.5627e-05 0.006138 0.0096582 0.064623
0.012663 0.84121 0.002538 2.6624e-05 0.12647 0.006813 0.010283
0.11692 0.15618 0.00024111 0.19535 0.38334 0.1223 0.025667
0.018231 0.024659 0.018623 0.57038 0.36753 6.334e-05 0.00051334
1.5825e-05 2.2949e-06 0.0021041 0.99695 2.0801e-07 0.00091424 9.3598e-06
0.48343 0.00087139 0.010531 0.12166 0.0043222 0.00017041 0.37901
0.11797 0.058001 0.00019488 0.00055879 0.42361 0.39961 5.8856e-05
0.0090966 0.0014947 0.0055978 0.4887 0.0013177 0.49375 4.5167e-05
2.8357e-06 0.0068536 0.00047538 4.6552e-06 0.9919 0.00076434 3.9339e-07
0.028072 0.33838 0.0089992 0.012717 1.5547e-06 0.61176 6.2751e-05
0.0051014 0.22146 0.15587 0.027897 0.10206 0.48325 0.0043711
0.046281 0.037359 0.0054287 0.039621 0.86952 0.00084575 0.00094314
0.10816 0.079282 0.3351 0.091557 9.8435e-05 0.15321 0.23259
0.00010782 5.1886e-06 0.00019246 0.018209 0.026314 0.9548 0.00037007
0.21529 0.0076597 0.006025 0.17856 0.092976 0.3653 0.13419
0.020921 0.00010448 7.2244e-05 0.58345 0.2399 0.00093836 0.15461
1.0399e-05 6.7809e-06 6.9314e-08 0.99998 3.2077e-08 5.1829e-06 4.5767e-08
0.070656 0.0010419 0.25627 0.17154 0.0077274 0.43323 0.059544
0.24583 0.00026213 0.00066722 0.0018289 0.73008 0.0013199 0.020013
0.66961 0.050696 0.084023 0.00046117 0.14378 0.00011906 0.051317
0.20515 0.0037751 0.45741 0.094546 0.14766 0.088936 0.0025268
0.0016535 0.051549 0.0086425 0.29166 0.00035793 0.64613 6.0774e-06
0.022587 0.0097968 0.0050497 0.0054056 0.95225 0.0043051 0.00060249
0.0011333 0.00021076 0.00043231 0.99655 0.0016736 2.1656e-06 6.4602e-07
0.74885 0.00039524 8.3678e-05 0.026664 0.22378 5.6463e-06 0.00022236
0.98898 3.9742e-06 2.179e-06 3.016e-06 0.010682 4.5233e-08 0.00033236
0.99962 2.1157e-06 1.1636e-06 6.1258e-06 0.00035097 9.7193e-08 1.7016e-05
0.13161 0.079761 0.18445 0.59095 0.0011698 0.0036214 0.0084339
0.10139 0.45187 0.00014952 0.00014474 0.12135 0.052245 0.27285
0.20742 3.4636e-05 5.6698e-05 0.00090507 0.78896 3.015e-05 0.0025931
0.63001 2.1297e-05 2.7238e-07 0.36992 3.5787e-05 1.2786e-06 1.5406e-05
0.005915 3.7453e-05 1.2998e-06 0.98314 0.010906 1.8262e-07 5.0934e-06
0.011865 0.00015496 0.00042565 0.98505 0.0021148 0.00024878 0.00014046
0.10018 0.0058507 0.00091515 0.0094838 0.004351 0.30259 0.57663
4.744e-05 2.3327e-05 0.00032815 0.99892 5.0928e-05 6.9222e-06 0.00062691
0.03919 0.049951 0.12901 0.74796 0.019191 0.013909 0.00078661
0.089209 4.4899e-06 0.0010065 0.86408 1.6751e-05 0.045335 0.00034851
0.93085 2.9965e-05 9.9084e-07 5.0239e-08 0.069112 9.5739e-07 6.2373e-06
0.41319 0.018768 0.03195 0.22372 0.0001679 0.0021662 0.31004
0.12251 0.081984 0.0082935 0.040876 0.0035912 0.44549 0.29725
0.93222 0.00017376 4.4399e-05 0.013476 0.054072 1.3125e-06 1.1889e-05
0.20181 0.0066633 0.13237 0.0071277 0.0091131 0.50373 0.13918
0.00012057 0.003216 0.032286 0.00057087 0.80756 0.15623 1.819e-05
1.5437e-05 0.0023395 0.00022572 0.93941 0.057575 0.0004156 1.9096e-05
0.016315 0.0086281 4.6418e-06 0.86034 0.087804 0.026466 0.00044191
0.0039467 0.18622 0.052416 0.58224 0.14687 0.024922 0.0033912
0.41841 0.0001047 0.00027156 0.00020062 0.5621 0.00088692 0.018019
0.0045404 0.0017731 0.027739 0.58189 0.38276 0.0007905 0.00050265
0.0021582 0.43834 0.22266 0.11338 0.22269 0.00057556 0.00020838
1.0863e-05 3.4181e-07 1.4879e-07 0.99999 7.6863e-07 1.4809e-06 8.7956e-07
0.31413 0.010264 0.002376 0.60905 0.0010936 0.049284 0.013803
0.092534 0.084771 0.002132 0.00060122 0.81855 0.0007767 0.0006358
0.2681 0.14005 0.0026212 0.0095747 0.31377 0.23639 0.029486
0.99453 0.00092549 1.4829e-05 0.00015175 0.0042298 2.9527e-06 0.00014842
0.00021565 0.0048568 0.077308 0.20875 0.6872 0.0041511 0.017511
0.00089271 0.09723 0.0026741 0.84771 0.0028371 0.048556 9.7275e-05
0.00019131 4.2888e-05 0.0008466 0.88997 0.10862 1.1287e-05 0.0003187
5.8768e-05 0.00024266 0.011077 0.98724 0.0013333 4.5284e-05 2.2436e-06
0.27081 0.013269 0.0054045 0.47599 0.11253 0.12166 0.00033279
0.0084524 0.00048507 0.00038968 0.99045 0.00013961 2.3131e-07 8.1714e-05
0.61609 0.003537 0.13015 0.0013151 0.077087 0.094048 0.077777
0.52509 0.0030135 0.0040257 0.085878 0.22474 0.13606 0.021196
0.067509 0.062774 0.57886 0.0064711 0.00096841 0.093495 0.18992
3.0684e-05 3.6626e-07 4.6127e-07 0.99997 1.5604e-07 1.6756e-10 2.4186e-08
0.0001968 0.00025147 0.00024642 0.85318 0.0050183 0.14102 8.0418e-05
0.71194 0.0083247 0.0027549 0.24162 0.0089463 0.015633 0.010781
0.093321 0.027033 0.00048099 0.53014 0.33205 0.00029253 0.016687
0.24212 0.49439 0.00081212 0.024863 0.22115 0.014538 0.0021274
0.11368 0.32072 0.064461 0.45913 0.0071933 0.0025002 0.032313
0.10596 0.01406 2.3838e-05 0.34982 0.001044 0.52902 7.4741e-05
0.00014525 1.2573e-05 7.5812e-06 0.99739 7.6563e-07 0.0024348 5.7398e-06
0.75503 0.04759 0.16331 0.019607 3.8339e-05 0.01102 0.0034052
0.080642 0.26111 0.38756 0.003068 0.00073192 0.25442 0.012459
0.12254 0.00026542 0.29939 0.0055789 0.56995 7.1674e-06 0.0022735
0.10406 0.0005061 0.16698 0.0028014 0.71964 0.0010191 0.0049872
0.023281 0.0019899 5.3194e-05 0.95615 0.0073684 0.011041 0.00011271
0.014314 0.019328 0.51487 0.38853 0.027808 0.0042905 0.030859
0.1697 0.0055623 0.0038149 0.043399 0.77578 0.00157 0.00018089
0.096583 0.011926 0.056796 0.093567 0.72362 0.0025988 0.014914
0.0011176 4.499e-05 0.00010774 0.00013515 0.90754 0.091018 3.2712e-05
0.00076217 0.00042515 0.009093 0.013934 0.64907 0.17055 0.15617
0.023086 7.0928e-05 1.0145e-05 0.97595 5.0569e-05 0.00082448 4.9164e-06
0.34619 0.051905 0.11574 0.061952 0.28856 0.01458 0.12107
0.22126 0.0012974 0.19585 0.033181 0.51833 0.0020847 0.027989
2.4022e-05 0.013721 0.29808 0.029185 0.0015239 0.65742 4.7273e-05
0.044193 0.00058912 0.0023354 0.2962 0.27029 0.2272 0.15919
0.17745 0.0033004 0.023365 0.011225 0.67778 0.000361 0.10652
0.14081 0.00010384 0.0049614 0.085454 0.69931 0.0031216 0.066239
0.7637 0.13475 0.0062798 0.04177 0.00012866 0.050273 0.0030978
0.19711 0.31876 0.0018687 0.078163 0.27592 0.098107 0.030079
0.6582 0.00023327 0.017926 0.057888 0.13394 0.00068557 0.13113
0.34544 0.0087667 0.21718 0.016281 0.19778 0.0011395 0.21341
0.13444 0.0014256 0.00015425 0.0010203 0.86267 3.2766e-05 0.00025874
0.066898 0.07577 0.073176 0.20033 0.20345 0.37572 0.004665
0.73434 0.0008001 0.012659 0.11574 0.0083228 0.030553 0.097594
0.60641 0.0013625 0.065066 0.09398 0.20755 0.0059134 0.019718
0.35254 0.0044812 0.24974 0.0095636 0.17532 0.0016402 0.20672
0.23077 0.13038 0.0084498 0.50428 0.11395 0.011357 0.00081206
0.0008219 0.0059411 0.050958 0.36034 0.070626 0.50718 0.004136
0.014356 0.50338 0.080351 0.15136 0.095963 0.15116 0.0034282
0.15031 0.0034109 0.0091173 0.0063754 0.072633 0.75596 0.0021948
0.0077956 0.0018679 0.29705 0.027594 0.52035 0.036941 0.1084
0.58501 0.015659 0.067051 0.0058885 0.25146 0.06173 0.013198
0.56916 0.01463 0.070933 0.14605 0.067692 0.11546 0.016072
0.36093 0.0014296 0.0071598 0.61412 0.014664 0.00096013 0.00073198
0.00060246 0.15693 0.1326 0.27531 0.16835 0.25502 0.011182
0.2015 0.069579 0.066596 0.45517 0.19019 0.0151 0.0018577
0.19204 0.0041154 0.018257 0.68439 0.062249 0.03361 0.0053458
0.13939 0.05827 0.16434 0.24922 0.0052561 0.33008 0.053446
0.0018557 0.00014017 0.089417 0.0031326 0.90474 0.0003068 0.00040895
0.00013742 2.1879e-05 1.218e-07 0.99982 3.8236e-07 6.7029e-06 1.1431e-05
0.0032496 1.6125e-05 0.0037192 0.0009834 0.20049 6.7294e-06 0.79153
7.1268e-05 0.0025347 0.0024111 0.97194 0.00011227 0.022899 2.9945e-05
0.078162 0.36317 0.00052834 0.046612 0.11785 0.38769 0.0059858
0.61114 0.0027569 0.23967 0.032229 0.0051907 0.1021 0.0069122
0.001556 0.022728 0.38724 0.021801 0.20966 0.35487 0.0021474
0.38081 0.009351 0.068458 0.0039018 0.4022 0.0049562 0.13033
0.64976 0.00036337 0.05872 0.0049909 0.094444 0.10656 0.085162
0.57865 0.00013399 0.081346 0.012521 0.043528 0.079316 0.2045
0.45338 0.0065823 0.00068975 0.53655 0.00070664 0.00039808 0.0016984
0.54596 0.33066 0.039111 0.054262 0.012592 0.015399 0.0020164
0.0075042 0.015981 0.024988 0.050353 0.83039 0.033262 0.037518
0.67543 6.2169e-05 0.014525 0.00044959 0.30231 0.00084722 0.0063839
0.1296 0.0014247 2.3833e-05 0.86856 1.5845e-05 0.00024376 0.00012843
4.2184e-05 3.2487e-05 0.00016133 0.89708 5.5389e-05 0.10236 0.00027077
3.5263e-05 3.7228e-05 0.0001767 0.33046 5.6709e-05 0.64908 0.020154
0.57383 0.0002044 0.0091945 0.00035596 0.41278 0.0019439 0.0016922
0.045405 0.00052129 0.069726 0.03137 0.78807 0.061271 0.0036368
0.07074 0.0053113 0.15956 0.35651 0.16902 0.10768 0.13118
0.10462 0.0019591 0.014813 0.0048837 0.0014887 0.83526 0.036978
0.016566 0.026359 0.010006 0.0065017 0.62636 0.013919 0.30029
0.00034005 0.011175 0.0041863 0.00018434 0.022209 0.95172 0.010189
3.8497e-07 1.2768e-06 2.9192e-06 0.99997 9.9872e-07 2.4184e-05 4.9545e-07
0.051085 0.89563 4.8495e-05 0.038874 0.00073747 0.011879 0.0017512
0.0087474 0.0048333 0.0012285 0.24036 0.33245 0.41168 0.00070212
0.0014741 0.0056357 0.00011806 0.89282 0.063971 0.033924 0.0020574
0.17871 0.058471 0.65937 0.013708 0.03129 0.058002 0.00045308
0.0018383 0.00042412 0.0029883 0.00015994 0.33489 0.65848 0.0012149
0.00029703 0.012487 0.005149 0.9248 0.00056506 0.052343 0.0043638
0.00013552 0.0022834 4.6752e-05 0.99464 2.7266e-06 0.0023131 0.00057483
0.0022799 0.00032058 0.017378 0.30946 0.05054 0.61937 0.00065141
2.5484e-05 6.2821e-05 0.041048 0.00084839 0.10836 0.84961 4.0646e-05
6.3653e-05 0.0019938 0.0051861 0.00026758 0.96672 0.024327 0.0014453
9.7479e-08 4.1791e-06 3.3428e-08 0.99999 8.7448e-09 7.2584e-06 3.1237e-09
1.862e-06 6.8546e-06 1.3575e-07 0.99966 6.8217e-07 0.00025526 7.2686e-05
0.00077096 0.010065 8.0961e-05 0.010615 1.1995e-05 0.97595 0.0025109
0.0024449 0.00013195 1.3071e-06 0.99417 2.2896e-05 0.0032127 1.1513e-05
0.40308 0.54598 0.01691 0.00070363 0.024603 0.0042509 0.0044728
0.0017611 0.2489 0.0044699 0.29429 0.00044443 0.45012 7.7484e-06
0.56625 0.13764 0.092247 0.00099032 0.00028484 0.0002535 0.20234
0.2966 0.0044946 0.019611 0.071638 0.13471 0.47278 0.00017095
0.00031148 0.00044459 0.00012298 1.0859e-06 0.046331 0.95262 0.00016819
0.0006303 0.00036459 0.0016913 0.0013291 0.85375 0.0011225 0.14111
6.9617e-07 1.2835e-09 2.6806e-10 1 2.1356e-10 3.1837e-08 1.7296e-07
0.34208 0.36586 0.0019262 0.00080679 0.032887 0.25445 0.0019901
0.00024652 0.016121 0.099912 2.1862e-06 0.18751 0.69618 3.0298e-05
0.30391 0.0019971 0.018558 0.0042906 0.0012124 0.66269 0.0073411
0.19314 9.9259e-05 6.3768e-05 0.7579 8.594e-08 2.7497e-05 0.048762
0.05586 0.00010642 0.0037046 0.064522 0.69416 0.14198 0.039669
0.016838 0.12852 0.034411 1.7675e-05 0.0097829 0.69851 0.11191
0.010091 0.20463 0.020049 0.00092382 0.054432 0.70909 0.00078445
0.057103 0.00049748 1.3659e-05 0.93344 0.0077067 6.8916e-05 0.0011714
0.833 0.015638 0.00028391 0.00065617 0.14989 0.0005057 2.6153e-05
0.0003255 0.00050133 0.0021146 0.93057 0.00080137 0.00072065 0.064963
1.3818e-05 0.0026928 0.0023376 1.7568e-05 0.93542 0.059417 9.7957e-05
0.2001 0.0010769 0.0019448 0.6361 0.0020546 0.055878 0.10285
0.16235 0.00046668 0.053915 0.00052128 0.0025142 0.09053 0.6897
0.97096 5.3028e-05 0.0061314 0.014959 0.00046305 0.0034632 0.0039705
0.00013938 0.012095 0.023354 0.0003834 0.27571 0.68577 0.0025427
1.3535e-05 0.00045063 1.5858e-05 0.99744 0.00014521 0.0019314 3.613e-07
0.0012327 0.16777 0.001063 0.75473 0.060452 0.012628 0.0021248
1.8408e-05 0.0059386 2.9679e-05 4.9688e-06 0.00016726 0.99384 8.8015e-07
0.66145 0.00022242 0.006702 0.042762 0.099487 0.17762 0.011765
0.0020654 0.20119 0.01006 0.050631 0.50507 0.22783 0.003147
0.026215 0.19554 0.0037435 0.15901 0.61409 0.00031814 0.0010817
0.0017854 0.0028325 0.0078237 0.24531 0.26644 0.46802 0.0077893
0.0072715 0.38995 0.1549 0.064494 0.13273 0.25061 4.6059e-05
2.1624e-05 0.0042424 0.02652 0.00081396 0.81428 0.032091 0.12203
0.00019301 0.0010526 0.0033163 0.0024876 0.81125 0.13027 0.051424
0.0011513 0.023226 1.3926e-05 0.014225 0.014055 0.94718 0.00015082
0.95258 0.003851 0.0087026 0.0045574 0.014192 0.01521 0.00090912
1.9036e-05 7.2202e-05 0.10943 0.0050243 0.00018177 0.88468 0.00059153
1.0831e-05 0.003136 0.0001156 0.10354 0.77393 0.093218 0.026051
0.0048616 0.014729 0.0013217 0.0034033 7.9309e-05 0.95787 0.017737
0.014398 0.00011201 5.313e-05 1.533e-06 0.87655 0.10876 0.00012676
7.7893e-05 4.0262e-05 1.7949e-05 0.078552 0.92071 0.00059262 6.9311e-06
0.00021785 0.00012594 1.3492e-05 0.99291 0.00054702 0.0061499 3.6713e-05
7.0426e-05 0.00055516 8.3441e-05 0.00049135 0.99765 0.00087417 0.00027205
0.00051616 0.00015428 0.00010457 0.00021695 0.98219 0.016788 2.9946e-05
0.00033172 0.00026957 3.9363e-05 0.9934 4.3765e-05 0.0049761 0.00093704
0.5402 0.012827 0.02435 0.0009104 0.32177 0.0815 0.018446
0.00011909 9.434e-05 5.2615e-06 0.99951 0.00014998 0.00011037 8.7299e-06
0.037613 0.0050037 0.2702 0.08944 0.072726 0.13739 0.38763
0.00011563 0.00091048 4.1239e-06 0.58471 0.40326 0.010535 0.00046537
0.006049 0.76824 0.0017645 0.075689 0.12224 0.025936 7.6082e-05
0.053862 0.089895 0.14777 0.00021064 0.15778 0.35357 0.19691
0.0044914 0.0069508 0.018678 0.0024361 0.01385 0.91184 0.041755
0.99667 1.8735e-05 0.0030822 0.00014175 1.8741e-05 4.7459e-05 1.7376e-05
3.0457e-07 2.7743e-05 9.0873e-06 0.9988 3.0218e-06 0.0011584 7.0115e-07
