0.059584 0.002658 0.0098 0.00010545 0.06148 0.017833 0.84854
0.74617 0.00015237 0.25155 0.00015053 0.00092124 0.00086521 0.00019517
0.72214 0.00052005 0.012988 0.088128 0.0036104 0.00053909 0.17208
0.99775 0.00096145 0.00056779 8.7563e-05 5.2819e-06 0.00062688 5.8489e-06
0.00033492 6.6498e-05 0.61615 0.19012 0.00051263 0.1924 0.00041509
0.26616 0.0010121 0.00044278 0.29699 0.42944 0.0017988 0.0041561
0.22355 0.013204 0.50065 0.098512 0.00021384 0.11842 0.045444
0.51426 6.331e-05 0.14245 0.28115 0.040745 0.02106 0.0002657
0.99274 7.8892e-05 0.0016133 1.6838e-07 0.0046173 0.000846 0.00010735
4.3416e-06 0.018415 0.038002 0.0039302 0.87324 0.04069 0.025719
0.10631 0.0074858 0.13471 0.0011107 0.46563 0.25303 0.03172
0.83499 0.00010906 0.024204 0.0040231 0.11254 0.0209 0.0032299
0.00014778 0.00043963 0.00063187 1.3924e-05 0.94133 0.0012238 0.056218
0.0058946 0.012806 0.038006 0.019496 0.0017592 0.91785 0.0041896
0.0010329 0.0011061 0.00018393 0.65115 4.7535e-06 0.34652 3.8262e-06
7.0703e-06 1.1624e-05 0.0081723 0.00066724 0.8512 0.13948 0.00046343
0.34639 6.5932e-05 0.21035 0.26573 0.15111 0.023779 0.0025808
6.0194e-07 7.9733e-05 1.8787e-05 0.99976 7.6378e-06 0.00013607 2.0921e-06
0.0014917 3.302e-05 9.1866e-06 0.99798 3.5853e-06 0.00047877 6.6606e-07
0.0002195 0.00033974 0.0002712 0.0018245 0.94303 0.054297 1.9536e-05
0.4114 0.0015426 0.57372 2.7224e-05 0.0081763 0.0026325 0.0025018
0.007465 0.08495 0.0089898 0.82676 0.0081431 0.063654 3.6852e-05
0.51905 0.0084196 0.0082874 0.016866 0.00076241 0.43641 0.010207
0.16444 0.02356 0.043263 0.25131 0.47916 0.037592 0.00067273
0.0397 0.2421 0.0038768 0.70567 2.9043e-05 0.0032867 0.0053317
1.469e-05 8.0294e-05 2.4255e-06 0.93072 4.9019e-06 0.069165 8.4016e-06
0.082747 0.00052814 0.082512 0.0070594 0.19235 0.3584 0.2764
0.028747 2.7486e-05 0.033931 0.0042528 0.93178 0.00015965 0.001097
0.83095 0.0006548 0.00071659 0.098281 0.069235 8.8142e-05 7.8624e-05
0.0070409 0.0016112 0.39309 0.0035214 0.060324 0.074123 0.46029
0.46469 0.02862 0.023903 0.33161 0.043599 0.0055293 0.10205
0.30556 0.0086601 0.23987 0.023098 0.024316 0.1278 0.27069
0.12067 0.29999 0.0073084 0.0082219 0.28311 0.22895 0.051749
0.71717 6.7735e-05 0.092947 0.00044361 0.1356 0.0045719 0.049204
0.095718 0.27209 0.076538 0.014452 0.38445 0.07187 0.084877
0.054201 0.21675 0.068065 0.0079804 0.42825 0.12931 0.095436
0.95167 0.041203 0.0016188 0.00018457 0.0020897 0.0029362 0.00029577
0.1155 0.0098773 0.43931 0.023024 0.17788 0.012901 0.2215
0.0052853 0.0011168 0.045202 0.62719 0.0027405 0.3164 0.0020687
0.71674 9.9139e-05 0.058305 5.2943e-05 0.032073 0.18119 0.011542
0.0017766 0.25861 0.3552 0.31347 0.026567 0.039619 0.0047565
0.036363 0.87359 4.7967e-05 0.073572 0.00029955 0.00080541 0.015321
0.030759 0.016259 0.19455 0.47133 0.19828 0.001102 0.087716
0.024813 0.082673 0.21117 0.15807 0.44767 0.0013226 0.074275
3.1542e-05 0.13623 0.73999 7.9447e-07 0.056133 0.036388 0.031224
0.0067578 0.00072013 0.03949 0.0018065 0.063372 0.40492 0.48293
0.00039634 7.5961e-05 9.5927e-05 0.99936 6.2183e-05 7.4851e-07 7.3236e-06
0.0054938 1.8281e-05 0.00014681 0.99387 0.00017499 0.00029505 2.6352e-07
0.010019 4.4332e-06 0.35897 0.00076714 0.12775 0.50209 0.00039314
0.01883 0.0045463 0.682 0.11981 0.022 0.097815 0.055
0.5908 0.000213 0.002096 0.33475 0.071417 0.00059442 0.00012949
0.10811 0.003057 0.0021682 0.013363 0.73002 0.13539 0.0078876
0.0043036 0.0046623 0.1135 0.024154 0.81795 0.03486 0.00057088
0.29319 0.048354 0.003121 0.38161 0.1254 0.14807 0.00025674
6.1184e-06 2.7088e-06 3.5389e-07 0.99997 5.2871e-07 1.9388e-05 6.1119e-07
0.59181 0.0039697 0.00048769 0.38092 0.011145 0.0069019 0.0047673
0.00046107 0.00018749 0.01738 0.27483 0.049128 0.65558 0.0024373
0.0025749 1.6831e-05 0.0002256 0.99624 2.1636e-05 0.000834 8.217e-05
0.0001042 0.0024881 0.037595 0.00012497 0.951 0.0025015 0.0061844
0.0058662 0.0075119 5.4154e-05 4.934e-05 0.0018755 0.0010994 0.98354
0.010347 0.083804 0.00079511 0.00082637 0.2612 0.0021425 0.64088
3.4795e-05 0.0046154 0.010083 0.16802 0.013632 0.78553 0.018085
0.81984 0.02794 0.086036 0.039714 0.012172 0.007337 0.0069596
0.63162 0.0023757 0.00042258 0.0002093 0.00073512 0.36182 0.0028133
0.75681 0.0005354 0.079331 0.073794 0.081208 0.0018147 0.0065096
0.00031654 0.0030168 0.37342 0.33019 0.0093532 0.28051 0.0031991
0.4354 0.042067 0.060529 0.015248 0.08803 0.30578 0.052953
1.7199e-05 8.4812e-06 9.2967e-07 0.99956 0.00038657 3.207e-06 2.28e-05
7.2954e-07 0.00028704 4.2182e-05 0.99958 3.2764e-05 5.3757e-05 3.3932e-08
0.065342 0.019714 0.24951 0.0022399 0.089305 0.016006 0.55788
0.086117 0.092477 0.22076 0.37762 0.048416 0.0029322 0.17168
0.0019461 0.014025 0.0027035 0.033492 0.35246 0.55927 0.036096
0.54417 0.0005636 0.0094637 0.00013531 0.0025114 0.43894 0.0042107
0.016421 0.0020824 0.0016519 2.2419e-07 0.0022026 0.0012861 0.97636
0.025103 0.081402 0.00032335 0.16189 0.69375 0.012499 0.025032
0.75049 0.00056671 0.0016295 0.21312 0.016586 0.017584 1.6604e-05
0.052462 0.00076807 0.83103 0.083204 0.0046032 0.00014649 0.02779
0.12646 0.05004 0.02519 0.073613 0.69363 4.7902e-05 0.03101
0.37524 0.00027775 0.10084 0.152 0.074051 0.2974 0.00019111
0.385 0.0074093 0.00065806 0.36721 0.0004959 0.23837 0.00086282
0.48846 0.0063071 0.021018 1.13e-05 0.040501 0.099685 0.34401
0.0032417 0.71821 0.034077 0.16575 0.013781 0.039073 0.025865
0.38225 0.11041 0.0048332 0.0065667 0.067697 0.29644 0.1318
0.0035015 0.023864 0.35737 0.28283 0.27515 0.057151 0.00013296
0.42677 0.099599 0.033756 0.0035216 0.099709 0.33633 0.00031295
0.0016918 0.10095 0.28532 0.0019863 0.26444 0.077477 0.26815
0.64027 0.00063306 0.040735 0.00030276 0.31769 0.00021819 0.00015801
0.025843 0.13619 0.0014405 0.010354 0.0075152 0.81844 0.00021303
0.10155 2.68e-05 0.14906 0.53391 1.643e-05 0.14464 0.070797
0.015738 0.26518 0.24183 0.048608 0.0055438 0.41135 0.011739
0.00032504 9.2907e-07 8.3908e-06 0.99763 3.3931e-06 0.0020319 4.2523e-07
0.00044753 0.011248 0.0019199 1.4392e-06 0.93139 0.050941 0.00405
0.081157 0.0018424 0.022172 0.098894 0.36159 0.26828 0.16606
2.4832e-05 0.0015045 4.7907e-05 0.83273 0.14024 0.02539 6.8254e-05
0.17641 0.00041807 0.073791 0.0054361 0.013598 0.55084 0.17951
0.00021346 0.00043429 0.046476 3.234e-05 0.88194 0.062071 0.0088329
0.69899 0.045473 3.4146e-05 3.4646e-05 0.0014528 0.0076689 0.24634
0.83826 0.14341 0.010664 0.00011939 0.00034812 0.0021532 0.0050444
0.1011 0.0052383 0.038365 3.8424e-05 0.734 0.0050082 0.11625
0.093778 0.0023625 0.038032 0.0021616 0.43872 0.39092 0.034021
0.12895 0.00051477 0.36206 0.096898 0.26195 0.0056736 0.14396
0.13944 0.079706 0.003708 0.037743 0.37141 0.14879 0.21921
0.93696 0.0028446 0.04711 3.6876e-06 0.0028959 0.0083533 0.0018324
8.4917e-06 9.0716e-06 5.2755e-05 7.0197e-06 0.00044274 0.99948 1.1278e-07
0.22484 0.004933 0.0074224 0.00016573 0.76072 0.0014834 0.00043145
0.0012936 0.0031905 0.0050565 0.00052672 0.98768 0.0022125 3.7391e-05
0.66145 0.060301 0.23905 0.0013416 1.1614e-05 0.031118 0.0067287
4.8191e-08 5.2993e-08 9.2511e-10 1 2.3685e-10 7.6963e-12 4.1052e-11
0.98149 0.00088581 0.00072865 8.691e-05 0.00034206 0.016352 0.00011528
0.75029 0.0037345 0.0045946 5.612e-05 0.0055639 0.23541 0.00035423
0.19385 0.012323 0.0034477 0.0079233 0.038358 0.55539 0.1887
0.42868 0.019242 0.085629 0.010801 0.37729 0.075939 0.0024188
0.00012967 0.43629 0.0013304 0.55139 0.01037 0.00048381 4.8328e-06
0.080968 0.032731 0.1555 0.076084 0.077977 0.18536 0.39137
0.54973 2.2764e-05 0.00047856 0.41548 2.0294e-05 0.0013765 0.032889
0.1452 0.00043015 0.063176 0.0001424 0.00036431 0.0081849 0.7825
0.00026087 3.46e-05 0.0085699 0.0023941 0.95801 0.025678 0.0050487
0.010766 0.08416 0.03393 0.0002477 0.32917 0.20803 0.3337
0.00045285 0.075013 2.7337e-05 4.9504e-06 0.92372 0.00075832 1.9651e-05
0.092906 0.88203 0.013048 1.9866e-05 0.01079 0.00010866 0.0010988
0.32942 0.0053811 0.00080508 0.008525 0.62775 0.027213 0.00090651
0.76905 0.0088488 0.0080908 0.057174 0.11536 0.0023171 0.03916
0.008437 0.33279 0.003661 0.0059412 0.59872 0.046567 0.0038844
0.00024571 0.0020657 0.0072549 8.3235e-05 0.34056 0.020439 0.62935
0.4927 0.00010903 0.025567 0.0014666 4.7615e-06 0.00011761 0.48003
0.91253 0.00016922 0.018002 4.5626e-05 0.055492 0.010411 0.0033524
0.0052044 0.007302 0.0014651 0.01577 0.071508 0.010824 0.88793
1.3762e-05 0.0011993 0.2346 3.6793e-06 1.8202e-05 0.00032123 0.76385
0.41093 0.0069466 0.0013736 0.094533 0.01936 7.6091e-06 0.46685
7.028e-05 0.013187 0.0013356 0.66838 0.00014098 0.31687 2.5181e-05
0.0020603 0.13503 0.10286 0.011356 0.00085311 0.69062 0.057226
0.31078 2.6575e-05 0.44418 0.00029548 0.032463 0.18834 0.023921
0.00058754 5.3371e-05 0.00036108 0.97071 2.6139e-05 0.024669 0.0035934
0.0060845 0.54913 0.0084508 0.16942 0.24219 0.02443 0.00030153
0.29079 0.0033328 0.57019 0.027062 0.026256 0.080859 0.0015135
0.0061942 0.086512 3.3098e-05 0.00092808 0.00033408 0.90598 1.8769e-05
0.040218 0.019754 0.020097 0.918 0.0016964 2.4273e-05 0.00020791
0.34227 0.010587 0.0767 0.061641 0.26518 0.20305 0.040577
0.013127 0.075231 0.0093677 0.001614 0.25539 0.62797 0.017301
0.17851 0.0052587 0.012924 5.5273e-05 0.17744 0.57157 0.054249
0.23392 0.04793 0.0029319 0.20073 0.0036834 0.48087 0.029928
3.0752e-05 2.04e-06 0.00012504 0.0031598 0.98871 0.0070932 0.00087842
0.00092392 0.036916 0.13689 0.00022228 0.0054208 0.65034 0.16929
0.0048136 0.00037891 0.009514 0.37819 0.47376 0.0021244 0.13122
0.27383 0.0030995 0.035123 0.072194 0.54998 0.062555 0.0032128
0.00010169 0.021863 0.011052 0.00049229 0.0041609 0.96231 1.6842e-05
0.2573 0.0075929 0.0052171 0.00071702 8.1635e-07 0.0021384 0.72704
0.10041 0.033584 0.57361 0.011762 0.0056639 0.27458 0.00038751
0.070781 0.1897 0.058346 0.0069469 0.64441 0.020991 0.0088323
0.56198 0.071623 0.032594 0.00055545 0.17471 0.042714 0.11582
0.0020387 5.7363e-07 3.5981e-05 0.99285 0.0010849 0.0039867 7.1161e-06
0.040475 0.059938 0.0013633 0.00014553 0.12446 0.41714 0.35648
0.0074396 0.0010478 0.0001019 0.50472 0.45913 0.02756 1.7462e-06
1.9158e-05 3.3065e-06 1.9921e-05 0.99985 1.3378e-05 9.0303e-05 1.9217e-07
0.00010254 0.00062839 0.00021602 0.012053 0.080263 0.90672 1.4387e-05
0.011181 3.4053e-05 0.00010307 0.86561 0.047185 0.075722 0.00016765
0.00065494 0.006886 0.00017165 0.0075789 0.20711 0.7702 0.0073993
0.067459 0.016932 0.28028 0.014969 0.61704 0.0012499 0.0020747
0.10727 0.004877 0.00074674 0.523 0.090793 0.27307 0.00023726
0.0053075 9.9299e-05 0.063604 0.00015409 0.50652 0.1041 0.32021
0.0093748 3.7699e-05 0.464 0.00017218 0.00032851 0.00068795 0.5254
0.0058357 0.00054686 0.22215 0.022773 0.73324 0.0088705 0.0065882
0.18996 0.0012138 0.27861 0.0001287 0.010288 0.00084042 0.51896
0.0039285 0.0030192 0.0096164 0.00039042 0.33735 0.23501 0.41069
0.32775 0.011028 0.021622 0.0030878 0.0022066 0.017536 0.61676
0.58791 0.062651 0.13113 0.00062612 0.0092885 0.0086422 0.19975
0.0018856 0.054386 0.027473 0.017277 0.3549 0.53648 0.007606
0.00012063 6.7295e-05 0.00020638 0.00060185 0.024686 0.97369 0.00062551
0.013882 0.00044904 0.01149 6.9837e-05 0.051718 0.0046197 0.91777
0.78906 0.0018705 0.019933 0.00036324 0.063981 0.038459 0.086331
0.27284 9.2716e-05 0.017199 0.0057089 0.015866 0.68202 0.0062663
0.00065378 9.1067e-05 0.0026901 0.99249 0.0015519 0.0024763 4.2818e-05
0.031871 0.0036748 0.063011 0.32848 0.18924 0.33284 0.050883
8.6153e-05 0.00044982 0.018732 0.02209 0.00053832 0.95786 0.00024329
0.69215 0.026243 0.0026066 2.8422e-05 0.034333 0.069448 0.17519
0.83431 0.00124 0.14865 0.0012777 0.013779 5.1905e-06 0.00073935
0.017281 0.021251 0.46848 0.0057455 0.014815 0.021636 0.45079
0.0006428 0.00064907 7.9529e-06 0.95956 7.0581e-07 0.039135 1.1476e-06
0.0056378 0.00010297 0.0053073 0.68217 0.24275 0.064 2.7697e-05
0.14837 0.361 0.033337 0.36644 0.020686 0.044711 0.025452
0.345 0.018451 0.00074757 0.00015648 0.082599 0.0047255 0.54833
0.00015505 0.82017 0.16897 0.00074177 0.00036633 0.0050109 0.0045761
0.57468 0.012823 0.0039154 0.00020607 0.0032921 0.025896 0.37919
0.26789 0.053774 0.060849 0.00085628 0.17218 0.009654 0.4348
0.024448 0.01013 0.0019983 0.94241 0.0023904 0.018526 9.2723e-05
4.2153e-05 0.00013816 0.017083 1.9391e-05 0.97784 0.0046206 0.00025902
0.14417 0.35159 0.054084 0.11349 0.11035 0.21395 0.012363
0.23413 0.63922 0.047508 0.059999 0.0013601 0.0041595 0.013622
0.0048523 0.13121 0.14529 0.0034343 0.57809 0.13443 0.0026801
0.028923 0.32119 0.059265 0.0016304 0.54238 0.018166 0.028442
0.29185 0.0076755 0.00064321 0.0010954 0.25779 0.33767 0.10328
1.0618e-08 7.1921e-05 4.8132e-07 0.99991 8.3887e-08 1.0554e-06 1.3381e-05
0.073501 0.0093645 0.16531 1.2201e-05 0.72294 0.00060063 0.028276
0.0023977 0.11601 0.0017974 0.00043458 0.38339 0.32623 0.16974
0.85702 0.0036878 0.0228 0.0022734 0.090409 0.023708 0.00010524
0.062989 0.0010131 0.22222 0.57826 0.10688 0.028401 0.00022799
0.87523 0.00059495 0.015492 0.0071613 0.095204 0.0062938 2.8311e-05
0.0081791 0.13345 0.0023713 0.018203 0.79072 0.045245 0.0018325
0.034435 0.041971 0.16522 0.33005 0.045536 0.37577 0.0070163
0.0023225 0.0010083 0.93955 0.00079286 0.00079184 0.0028124 0.052724
0.35788 0.0092896 0.41027 8.1206e-05 0.044274 0.00020426 0.178
0.21266 0.21874 0.23673 7.0811e-05 0.00054483 0.009264 0.322
0.34227 0.0049664 0.59647 0.00040328 0.04999 0.0048951 0.0010009
0.00018088 0.024428 0.48117 0.00089684 0.2089 0.14737 0.13706
0.010947 0.10952 0.022658 0.69486 0.00077233 0.0021614 0.15908
0.00024651 0.28045 0.11932 0.0012152 0.4612 0.10641 0.031159
0.0010846 0.2461 0.0058387 0.73936 0.00010465 9.2439e-05 0.0074145
0.99625 0.0033629 4.1783e-06 1.5606e-05 0.0003693 1.9567e-07 2.4672e-06
0.004556 0.039651 0.02617 0.0036178 0.022139 0.036088 0.86778
0.0014442 0.040998 0.0038881 0.1399 0.018431 0.73481 0.060538
0.001969 0.21495 0.098805 0.016324 0.070971 0.42905 0.16793
0.0020476 0.0051486 0.017178 0.88382 0.00010813 0.084171 0.0075228
9.936e-06 0.075421 0.62951 0.0093721 0.21567 0.069523 0.00049472
0.0062941 0.95703 0.00031983 1.7258e-05 0.015378 0.018512 0.0024523
0.00076163 0.0018508 0.03234 0.00061361 0.61033 0.34494 0.0091701
0.16731 0.010507 0.017699 0.49989 0.25939 0.0021407 0.043066
0.55611 0.092598 0.0032317 4.3524e-05 0.28632 0.06156 0.00013668
0.0018683 0.09653 0.13747 0.00033065 0.75813 0.00044011 0.0052263
0.0021223 0.35596 0.23051 0.022871 0.052043 0.00889 0.3276
6.7204e-05 0.41156 0.03585 5.3486e-05 0.056144 0.013821 0.48251
0.12612 0.04086 0.13491 0.05186 0.012405 0.5663 0.067551
0.0050313 0.3726 0.041278 0.00015664 0.49513 0.05069 0.03511
0.096616 0.0045534 0.0012604 0.00027166 0.87 0.026681 0.00062181
0.00039204 1.46e-05 0.013874 8.8747e-07 0.00014804 0.024279 0.96129
0.46095 0.00071282 0.0067027 0.00059015 0.0079693 0.52207 0.001011
0.60431 0.027255 0.03518 0.046217 0.021096 0.2651 0.00083748
0.1816 0.00014425 0.22946 0.16969 0.3467 0.049913 0.022496
0.024646 0.11046 0.10364 0.00018706 0.093185 0.58733 0.080546
0.089657 0.00022464 0.021426 0.070951 0.47066 0.33082 0.016261
0.67658 0.00018708 0.18217 0.0018864 0.00076509 0.11648 0.021928
0.77253 0.0029118 0.0028792 0.0015321 0.10287 0.11723 4.9557e-05
0.14561 0.0071564 0.00039204 0.25946 0.5459 0.00040979 0.041069
0.44689 0.0014039 0.31498 0.015307 0.21865 0.00010535 0.0026637
0.15406 0.0024319 0.014263 0.0028744 0.82344 0.0027871 0.00014159
7.8348e-05 0.25058 0.68112 8.8884e-06 0.0050052 0.0037735 0.059432
0.14315 2.8884e-08 3.5389e-05 5.4617e-06 8.1463e-06 0.8568 1.6547e-07
0.52514 0.12853 0.020079 0.00054564 0.2223 0.09941 0.0040001
0.062714 9.5408e-05 1.0073e-05 0.93605 4.146e-05 0.00099234 9.846e-05
0.0061 0.74477 0.056052 0.0090315 0.078938 0.0044872 0.10062
0.012081 0.0014206 0.47866 0.0014952 0.02509 0.1512 0.33005
0.00051579 0.054891 0.13389 0.0018677 0.74191 0.0083308 0.058592
0.003606 0.62182 0.0029664 0.022503 0.010928 0.19875 0.13943
0.0030794 0.0025546 0.0026607 0.34288 0.6125 0.0022756 0.034041
0.026169 0.0090305 0.80552 0.0030754 0.05004 0.0496 0.05656
1.0862e-05 0.0014348 0.012994 0.88829 0.088002 0.0072283 0.0020441
0.32709 0.0096405 0.057035 0.0049583 0.082549 0.50322 0.015513
0.00017933 0.00017978 0.00063481 5.619e-05 0.18852 0.69427 0.11615
0.00017975 0.0004604 0.0023643 0.00042452 0.059419 0.86811 0.069039
0.08416 0.0998 0.071843 0.040709 0.11123 0.074367 0.5179
0.0025868 0.3833 0.0030645 0.000355 0.53008 0.0001765 0.080442
0.0033223 0.00061516 0.00036595 1.2184e-05 0.89671 0.054325 0.044649
0.060576 0.20324 0.27467 2.1933e-06 0.31392 0.028446 0.11915
0.29287 0.0010133 0.25303 0.20527 0.00031665 0.073284 0.17422
0.045548 0.84764 0.0051741 0.023038 0.00054922 0.037305 0.040743
0.0056718 0.00032305 0.00011479 4.8851e-05 0.98241 0.0095825 0.0018537
0.0010406 0.043363 0.06407 0.00022475 0.71765 0.016156 0.1575
0.0098657 0.014801 0.0046498 0.040733 0.74312 0.024373 0.16246
0.014919 0.27375 0.0011759 0.0035024 0.55835 0.12199 0.026308
0.00034827 0.049853 0.17442 0.010762 0.010725 0.55668 0.19721
0.0029521 0.0093402 0.14186 0.72202 0.11765 0.00012746 0.0060431
0.42945 0.0285 0.032839 0.26016 0.028294 0.043766 0.177
0.3674 0.078402 0.038004 0.077123 0.075219 0.039486 0.32437
0.00011183 0.043741 0.0012579 0.88298 0.024308 0.016611 0.030987
0.5601 0.002531 0.38773 0.034453 0.0019467 0.0075403 0.0056916
0.98223 0.0024003 3.2003e-05 0.0054852 0.0060899 0.00019347 0.0035708
0.005093 0.31768 0.010351 0.13084 0.28847 0.0041986 0.24338
0.0027384 3.7302e-05 0.74334 0.00045397 0.0018178 2.357e-05 0.25158
0.017009 0.034277 0.032292 0.010012 0.030489 0.87096 0.00496
0.0228 0.31545 0.53424 0.0045211 0.00099573 0.12152 0.00047242
0.68002 0.11362 0.0010692 0.026629 0.11706 0.00057861 0.06103
2.7338e-05 0.2606 0.085919 0.077457 0.35521 0.1984 0.022391
0.63868 4.5671e-05 0.056246 0.00063168 0.0020515 0.00048731 0.30186
0.84261 4.3722e-07 0.11965 1.8417e-05 0.037676 2.2285e-05 3.0332e-05
0.33141 6.1085e-05 0.20504 0.0005163 0.00054424 4.8554e-05 0.46237
0.74943 0.00020915 0.10631 0.00055721 0.0025617 4.5597e-05 0.14088
0.00070434 0.00063603 0.038387 0.00055388 0.23602 0.013452 0.71024
0.0043769 0.0014256 0.0006675 3.915e-05 0.018054 0.0020731 0.97336
0.22189 0.10877 0.19495 0.22397 0.024024 0.22019 0.0062029
2.5476e-06 0.005103 1.8173e-05 0.98559 0.0082416 0.0010315 1.0469e-05
0.042371 0.00011175 0.00061166 7.018e-05 0.94188 0.00035943 0.014596
0.77767 0.038013 0.029882 0.01622 0.0066546 0.042363 0.089193
0.0073243 0.0077085 0.3446 0.00077527 0.30161 0.14858 0.1894
2.0959e-06 0.00012597 4.8989e-05 0.99977 9.0595e-06 3.0453e-05 1.5965e-05
0.0029446 0.097532 0.0022698 0.86221 0.01335 0.017311 0.0043789
0.68775 0.067705 0.00046948 1.07e-05 0.060654 0.17724 0.0061723
0.078148 0.0039303 0.22887 0.14398 0.14173 0.33046 0.07289
0.015318 0.0027921 0.012516 4.1249e-05 0.0084605 0.0056853 0.95519
0.38472 0.095183 0.047027 0.32517 0.0024728 0.12191 0.023522
0.58452 0.027773 0.11991 0.018876 0.010501 0.083761 0.15466
0.019671 1.5771e-05 0.012367 0.012894 0.8835 0.071536 1.7585e-05
0.9116 0.00017288 0.040094 0.0053946 0.0356 0.0070622 7.8104e-05
0.36532 0.078963 0.0027923 0.057394 0.27919 0.19827 0.018075
0.68817 0.096925 0.0060796 0.16732 0.0022601 0.035522 0.0037247
0.016564 0.1495 0.006404 0.095176 0.081991 0.29378 0.35659
0.032353 0.00048788 0.2063 0.37383 0.0095249 0.32927 0.048231
0.0021847 0.00046044 0.015554 5.0534e-05 0.024027 0.95709 0.00063778
0.38997 0.085873 0.06197 0.27242 0.10395 0.021048 0.064767
0.012333 0.00016191 0.0043214 0.00013182 0.76208 0.20191 0.019056
0.914 0.016861 0.0025054 0.00051696 0.062122 0.00022011 0.0037731
0.51968 0.0051756 0.024333 0.0040701 0.37546 0.070869 0.00041102
0.00010027 0.0030345 0.00040431 0.0021082 0.96069 0.032906 0.00075379
0.14607 0.0053743 0.028858 0.81493 0.0015251 4.4988e-06 0.0032397
0.091357 0.17526 0.0018326 0.72485 1.7583e-05 0.00021101 0.0064673
0.00012294 0.0010183 0.0011786 1.9875e-05 0.015757 0.96176 0.020142
0.00045635 1.1426e-05 0.011247 0.00011933 0.00022725 0.98335 0.0045907
0.5413 0.017614 0.0035826 0.0027734 0.42902 0.0054654 0.00024206
0.00016455 0.00015 0.00013842 0.63436 0.12095 0.24415 8.9862e-05
0.2906 0.094892 0.034623 2.8394e-05 0.026182 0.18193 0.37175
0.7566 0.011201 0.087571 2.2688e-05 0.0096475 0.052475 0.082482
0.0015336 0.00028933 0.22065 0.00080446 0.0017412 0.73107 0.043907
0.13618 0.018945 0.11349 0.00019276 0.011348 0.0034679 0.71637
0.0046879 0.01384 0.12398 0.0030045 0.00039811 0.30926 0.54483
2.851e-05 0.0094132 0.0036056 9.8116e-07 0.38323 0.41505 0.18868
0.00049284 0.0050826 0.0041471 0.00029963 0.71138 0.035143 0.24345
0.22908 0.026957 0.00060743 0.68553 8.3342e-05 0.055004 0.0027335
0.06002 0.094498 0.0032285 0.001625 0.19467 0.54385 0.1021
0.15371 0.0015423 0.01054 0.0013676 0.0061208 0.82655 0.00016952
0.20575 0.027642 0.0010607 0.0060857 0.51992 0.22384 0.015694
3.3714e-06 1.2117e-09 2.0038e-06 7.1635e-07 1.0835e-06 0.99999 3.3111e-09
1.0237e-05 1.2496e-06 0.00014314 0.046276 2.1245e-07 0.95357 1.1388e-08
6.7416e-05 2.7208e-05 0.02505 0.537 0.41302 0.024797 4.416e-05
0.00087798 0.00108 0.00351 0.0018762 0.00010451 5.3435e-06 0.99255
0.00030557 0.00031376 0.0041708 0.89031 0.029465 0.07533 0.00010244
0.55908 0.0031731 0.33038 0.00030571 0.096889 6.4959e-05 0.010104
0.55213 0.0045362 0.0065513 0.38623 0.050417 0.00011612 1.4381e-05
0.00071785 5.5059e-05 0.036133 0.77478 0.034105 0.11608 0.038126
0.0062734 0.00015821 0.031278 0.0011219 0.4072 0.026579 0.52739
0.1102 0.11575 0.0065659 0.15384 0.35542 0.25006 0.0081698
0.00011328 0.0079621 0.0086589 2.34e-06 0.078666 0.087716 0.81688
0.080206 0.64832 0.016209 2.7938e-05 0.083577 0.12956 0.042093
0.015663 0.0022876 0.45767 0.11028 0.40049 0.00076463 0.012841
3.2658e-05 0.038131 5.7985e-05 1.6542e-06 0.9604 2.7572e-05 0.0013521
0.0012337 5.2836e-05 0.076317 0.54892 0.002776 0.28914 0.081555
0.00053637 0.00011304 9.851e-05 1.102e-05 0.99738 0.00014484 0.0017135
0.21378 0.12501 0.15086 0.39768 0.003705 0.06883 0.040131
0.96355 0.012232 6.193e-06 7.4894e-06 0.02392 9.4672e-05 0.00018646
0.013845 0.0060657 0.89603 3.1364e-06 0.00074946 0.014078 0.069233
0.0019646 0.0027399 0.0026233 0.00047569 0.9699 0.0022143 0.020085
0.00029974 0.0091135 0.0074543 0.3342 0.00012291 0.64147 0.0073365
0.017472 0.0024739 0.023725 0.82225 0.015851 0.0010787 0.11715
0.0020453 0.39136 0.032727 2.7565e-05 0.11881 0.346 0.10903
0.0008684 0.0041298 0.45816 0.00052468 0.46715 0.067029 0.0021332
0.2286 0.00022805 0.094028 4.3001e-06 0.47226 0.073538 0.13134
0.18869 0.0015703 0.022493 0.32004 0.45945 0.0076848 6.224e-05
0.0018594 0.06359 0.00016001 0.00010074 0.92379 0.00057372 0.0099308
0.015374 0.00017507 0.6 1.2455e-05 0.00065341 0.31615 0.067637
0.22578 0.010578 0.0056891 0.019371 0.72244 8.3583e-05 0.016053
0.0030274 0.0095856 0.00012456 0.00032487 0.98475 0.00028617 0.001899
0.43388 0.12067 4.8401e-05 0.00012684 0.28563 0.0026836 0.15696
0.10464 0.00068655 0.0024545 0.00058422 0.0014926 0.89006 8.2644e-05
0.00032041 0.013608 0.0028018 0.30849 0.67397 0.00071461 9.7056e-05
0.95973 0.00011755 0.039906 1.5665e-06 5.1225e-07 9.2543e-06 0.00023522
5.2159e-05 0.041134 3.7392e-05 9.4959e-05 0.051165 0.90736 0.0001526
0.027063 5.5099e-05 0.00071345 0.052521 1.0836e-05 0.91962 1.5487e-05
0.84013 4.2142e-05 0.15924 2.0407e-06 8.4049e-06 2.4667e-06 0.00056757
0.0071799 0.0016018 0.60066 0.0038591 0.079397 0.23426 0.073036
0.023769 0.0055109 0.00038855 0.91702 0.00024233 0.0062418 0.04683
0.11941 0.34646 0.02354 2.5647e-06 0.015655 0.49001 0.0049181
0.50038 1.4904e-05 0.068899 0.014071 0.0018074 0.0010951 0.41374
0.0011241 0.0006291 0.39267 0.0012088 0.00073434 0.6036 3.0055e-05
0.056105 0.12456 0.72946 0.025689 1.7804e-05 0.002659 0.061516
0.064161 0.0024148 0.20386 0.0049675 0.2856 0.017663 0.42134
0.0017464 0.00082117 0.0039727 0.1346 0.072687 0.78617 4.2321e-06
0.095308 0.018651 0.036349 0.015518 0.015058 0.79246 0.026659
0.0071977 8.0975e-05 0.036663 0.051087 0.19173 0.055258 0.65798
0.023563 0.00048077 0.061931 0.00027548 0.0055929 0.062959 0.8452
0.00021578 0.0050379 0.0028264 0.00025135 1.4064e-05 0.99154 0.00010973
0.64667 0.0059025 0.29219 0.0045788 0.0060659 0.037701 0.0068958
0.18404 0.0043129 0.15465 0.097388 0.55921 0.0003117 8.8185e-05
0.00049748 0.071441 0.0064476 0.80961 0.094948 0.014173 0.0028862
0.29174 0.0055628 0.0049414 0.0074365 0.66292 0.025603 0.0017957
0.9135 2.2872e-05 0.069009 9.0514e-05 0.0099497 0.00032926 0.007103
0.21268 0.002718 0.33742 0.32473 0.0020723 0.1177 0.0026739
0.00019458 1.9168e-06 0.573 1.3481e-05 0.0015804 0.00052886 0.42468
0.0037014 0.61393 0.036608 0.0024217 0.054008 0.26368 0.025655
0.88237 0.0014941 0.004381 3.6334e-07 0.068461 0.01595 0.027346
0.36409 0.0026123 0.011936 1.0376e-05 0.001248 0.61006 0.010047
0.50041 0.0018872 0.23503 0.25927 0.0030119 0.00015752 0.00023445
0.97531 4.5676e-05 0.000748 1.2121e-05 0.010072 0.0020874 0.011721
0.00021857 0.00040011 0.00038096 0.9982 0.0005052 0.00013028 0.00016921
0.98232 2.2376e-05 5.2314e-05 1.0019e-05 0.0089577 0.0063409 0.0022974
0.006924 0.30167 0.1609 0.012231 0.047073 0.0068675 0.46434
0.7598 0.021429 0.15184 0.001036 0.06032 0.00082128 0.0047482
0.068508 0.00022904 0.12159 0.0048449 0.67972 0.12459 0.00052313
3.3964e-05 0.0061663 0.00046298 0.99328 1.3386e-05 3.9184e-05 1.2637e-06
0.41833 0.00013521 0.0062523 0.10637 0.26972 0.17576 0.023445
0.88772 0.0276 0.034058 0.00015648 0.007192 0.0079291 0.035345
0.00021379 0.0015786 0.0015305 0.96357 0.00063935 0.022966 0.009498
7.5081e-06 0.050337 0.00012856 0.00010798 0.083424 0.86328 0.0027105
0.00022434 7.167e-05 7.0559e-05 1.4926e-05 0.081773 0.91784 5.3746e-07
0.024353 0.031229 0.064265 0.00013035 0.14069 0.012512 0.72682
0.000381 0.0022818 0.04199 0.00017277 0.00085849 8.945e-06 0.95431
0.28485 0.034687 0.0037999 0.46413 0.072013 0.012196 0.12833
0.02974 0.0057614 3.3076e-05 0.9555 2.8811e-06 0.0089443 1.4613e-05
0.00075591 5.399e-06 0.10847 0.00017287 0.052298 0.79103 0.047269
0.00066043 0.019501 0.018889 0.010408 0.94165 0.0086205 0.00027284
0.83912 0.083606 0.0033398 0.0030823 0.00066511 0.069904 0.00027876
0.79965 0.0040686 0.0039145 0.00079446 0.18585 0.0026045 0.0031207
0.1053 5.9736e-05 0.66569 0.053583 0.04065 0.13341 0.0012972
0.98889 0.0021099 0.00039308 2.1318e-05 0.0053476 0.0021525 0.0010846
0.00023815 0.0067117 0.033923 0.11057 0.037617 0.80255 0.0083938
0.098059 0.19534 0.02725 0.019662 0.12366 0.2094 0.32663
0.52684 0.0014969 0.030896 0.00010497 0.07853 0.36033 0.0017996
0.36035 0.00033218 0.20504 0.00014433 1.2394e-05 0.43296 0.001169
0.017654 4.3513e-05 0.51523 0.23004 0.012908 0.17928 0.044839
0.020137 0.0033694 0.2657 0.12481 0.068909 0.51195 0.0051227
5.2138e-05 0.014158 0.00039133 1.8506e-05 0.019813 0.95978 0.0057892
0.0096132 0.0018199 6.5254e-06 1.8749e-05 0.00045325 0.98795 0.00013437
0.016883 0.084034 6.7702e-05 9.033e-05 0.0090646 0.57394 0.31592
0.3243 0.079888 0.0086832 0.1276 0.0016711 0.2801 0.17776
0.004936 0.0065806 0.0089173 0.947 0.00011349 0.0063045 0.026144
0.13961 0.04197 0.32522 7.2283e-05 0.0018888 0.0025851 0.48866
0.4331 0.2576 0.041955 0.017388 0.16758 0.0029214 0.079456
0.44622 0.0091606 0.0054847 0.0054336 0.32116 0.057218 0.15532
1.3095e-05 1.1136e-05 0.0001855 0.99023 0.0095365 1.9802e-06 2.1252e-05
3.7499e-07 1.8218e-07 0.00084242 0.99915 5.7246e-08 1.2035e-06 2.4163e-06
0.65937 0.00012387 0.043615 0.15959 0.00087021 0.0059984 0.13043
0.44956 0.47052 0.0086259 3.9667e-05 0.039068 0.032091 0.00010104
7.7451e-06 7.6754e-05 0.04426 0.63597 0.00042019 0.31894 0.00032362
0.00014632 0.0037562 0.0017511 2.4738e-06 0.99322 0.0011051 1.9325e-05
0.011276 0.19003 0.11351 0.52244 0.00021515 0.14962 0.012906
0.00050536 0.3113 0.094073 0.056963 0.15898 0.25274 0.12544
0.03512 0.020708 0.061375 0.00090868 0.88057 0.00075368 0.00056947
0.31892 0.0012177 0.18581 0.0014152 0.0039328 0.16494 0.32376
0.0073764 4.8987e-05 9.7837e-05 0.043094 0.88906 0.06021 0.00011776
0.020312 0.020826 0.039064 0.8612 0.0093826 0.013882 0.035332
0.0043165 2.2976e-05 0.00098061 0.64334 0.23749 0.0035119 0.11034
8.3987e-06 0.00025118 6.0744e-06 0.99973 1.6532e-08 6.011e-06 6.3937e-07
0.044518 0.052349 0.47145 0.027575 0.087445 0.16967 0.14699
0.42498 0.00064862 1.5124e-05 0.0042358 0.45124 0.00010636 0.11878
0.4732 0.16289 0.12253 0.0020938 0.23559 0.00024171 0.003464
0.23301 0.16891 0.1968 0.19038 0.18449 0.025495 0.00091482
0.0010461 0.011735 0.0077825 0.59795 0.014686 0.36678 1.8582e-05
0.082201 0.016762 0.0034565 7.6954e-05 0.85327 0.013237 0.030997
0.001337 0.0018071 2.9809e-05 0.9949 0.0018652 4.7964e-05 1.243e-05
0.5879 0.00058258 0.0041199 0.067534 0.33971 5.4682e-06 0.00014891
0.87731 3.2825e-05 0.00033128 0.00053899 0.1217 8.2707e-08 8.2718e-05
0.9412 0.00010631 0.0024093 0.0075735 0.048166 5.6602e-07 0.00054199
0.14346 0.0056095 0.043105 0.78354 0.00061412 0.0016383 0.022025
0.12909 0.37578 0.00013369 0.00014486 0.019839 0.32349 0.15153
0.052612 0.012404 0.00075129 0.0051128 0.86405 0.0042004 0.060865
0.21334 7.2842e-05 3.643e-06 0.78259 0.0029216 0.00022761 0.00084675
0.00020828 1.2297e-05 1.0779e-07 0.99957 0.00020422 2.5007e-08 1.4845e-07
0.27182 6.9475e-05 0.0001167 0.7263 0.00082244 0.00063249 0.00024388
0.0093024 0.051672 0.0058063 0.32335 0.058922 0.49043 0.060509
0.00028064 0.00060182 0.14614 0.80272 0.015599 2.3441e-05 0.034636
0.0025223 0.003772 0.0024672 0.98836 0.0012914 0.00056635 0.0010216
0.076466 0.00015536 0.0054832 0.91429 2.9219e-05 0.00083752 0.0027409
0.85115 0.0044814 0.00072306 1.6714e-06 0.14363 5.0579e-06 1.0882e-05
0.25109 0.002097 0.014828 0.43448 0.00094424 0.034185 0.26238
0.0031187 0.0049661 0.007513 0.44488 0.017303 0.43075 0.091463
0.61497 0.0054366 0.00011895 0.25344 0.12602 4.5007e-07 1.7459e-05
0.23905 0.016899 0.09915 0.22266 0.008865 0.33684 0.076545
0.014159 0.0011195 0.13864 0.0046917 0.83856 0.0014537 0.0013747
5.1502e-06 5.892e-05 1.9745e-05 0.66488 0.33489 0.00013179 1.4094e-05
0.093161 0.018117 0.0039287 0.8129 0.00042759 0.067258 0.0042096
0.016385 0.20674 0.077802 0.37897 0.088934 0.22225 0.0089205
0.13095 0.0024406 0.00070467 0.00065563 0.77399 0.035441 0.055819
0.0040733 0.00092636 0.0080619 0.43509 0.55169 1.1751e-05 0.00014612
0.030698 0.54664 0.20743 0.097256 0.11192 0.0014991 0.0045548
5.7326e-07 3.4927e-07 6.185e-09 1 2.1019e-08 1.0752e-07 9.017e-08
0.35642 0.0046422 0.066434 0.56582 0.0033147 0.00027575 0.003094
0.011933 0.066614 0.00037556 4.5023e-05 0.91752 8.0834e-05 0.0034307
0.051745 0.78911 5.9834e-05 0.00043 0.14962 0.00214 0.006895
0.81162 0.00083124 7.5703e-05 0.0002092 0.17177 1.7429e-05 0.015472
0.00087699 0.0083398 0.036589 0.5467 0.38366 0.017274 0.0065603
2.3316e-05 0.022436 0.00024055 0.95241 0.00011993 0.024761 1.044e-05
0.00053491 0.0015533 0.0022412 0.78937 0.20478 4.1031e-05 0.0014811
2.6235e-06 3.4668e-07 0.00010282 0.99981 2.2992e-05 6.1518e-05 3.296e-07
0.20773 0.15822 0.065528 0.23682 0.32363 0.0064866 0.0015877
0.0020891 0.00036085 0.0012068 0.99629 3.6905e-05 2.4019e-07 2.0817e-05
0.37323 0.0084315 0.024557 0.0066227 0.11282 0.37555 0.098798
0.13024 0.0056891 0.034375 0.74339 0.017967 0.028825 0.039519
0.61747 0.09014 0.03039 0.028085 0.00072055 0.028981 0.20421
1.194e-06 1.1556e-06 2.4281e-05 0.99997 1.6936e-07 9.4845e-09 5.1626e-07
0.015924 0.021802 5.0248e-05 0.83694 0.022688 0.10259 8.0909e-06
0.54267 0.038085 0.010498 0.30766 0.014011 0.058537 0.028537
0.086504 0.20391 0.001043 0.38619 0.23073 0.0021136 0.08951
0.063931 0.79658 0.00012808 0.079965 0.057919 0.0013711 0.00010903
0.041328 0.034887 0.004019 0.14001 0.74021 0.0010524 0.038494
0.054894 0.053071 0.014638 0.33719 0.0093697 0.53075 8.7392e-05
0.00028741 0.00017706 0.002574 0.99623 1.8589e-05 0.00068115 3.1523e-05
0.99056 0.0015126 0.00065514 0.0043692 0.00021886 0.00033635 0.0023494
0.0032335 0.41365 0.43076 0.021846 0.006186 0.12221 0.0021088
0.022898 3.4255e-05 0.17716 0.0002405 0.79464 9.1158e-05 0.0049317
0.17696 0.000302 0.003643 0.0023296 0.80202 0.010527 0.0042242
0.0013592 0.0014689 0.0045365 0.85828 0.01183 0.12202 0.00050874
0.0086236 0.0055753 0.11735 0.85737 0.0029169 0.00044729 0.0077102
0.065087 0.00089342 0.23719 0.072807 0.61566 0.003999 0.0043596
0.034343 0.00072345 0.0029322 0.0053891 0.95146 0.00042098 0.004731
0.0001005 0.17609 0.055038 0.0068412 0.61064 0.15093 0.00035539
0.088012 0.00086201 0.021405 0.028502 0.62173 0.18986 0.049628
0.013622 0.00016402 0.00019402 0.98421 5.7631e-05 0.0013543 0.00040092
0.059345 0.011529 0.020995 0.21853 0.50263 0.010905 0.17607
0.0034154 0.00055637 0.18157 0.013341 0.79891 0.0017117 0.00049087
2.4254e-07 0.00092257 0.0018911 0.090373 0.00081141 0.906 4.1346e-06
0.0025869 0.00029197 0.00053823 0.30602 0.47349 0.21612 0.00095632
0.008737 0.0039109 0.00035874 0.00013702 0.98468 0.00049689 0.0016807
0.048046 0.039722 0.10323 0.0084124 0.5939 0.031783 0.17491
0.56042 0.055119 0.01107 0.29298 0.00044932 0.07823 0.0017293
0.027043 0.36394 0.043979 0.018088 0.2969 0.23308 0.016967
0.65571 0.00034221 0.026848 0.059335 0.191 0.0021262 0.064636
0.56596 0.088992 0.10246 0.02136 0.15633 0.0024341 0.062467
0.097874 0.0021179 0.0014919 0.000404 0.8906 0.0017755 0.0057326
0.22019 0.13114 0.001088 0.0013072 0.60388 0.011563 0.030835
0.54079 0.0027249 0.16307 0.18171 0.0063331 0.0058158 0.099545
0.4131 0.00017119 0.088076 0.024091 0.35652 0.081555 0.036494
0.24694 0.0050296 0.041149 0.0044026 0.4979 0.11553 0.089051
0.068923 0.039178 0.3354 0.40888 0.13321 0.01226 0.0021499
0.0071333 0.00015552 0.00035069 0.86137 0.069208 0.060846 0.00093805
0.2903 0.37632 0.00041761 0.079816 0.01264 0.23972 0.00077906
0.82672 0.015648 0.0012424 0.0086817 0.030349 0.039818 0.077544
0.00011009 0.00075538 0.31837 0.010216 0.51363 0.14915 0.0077653
0.38996 0.0022853 0.12546 0.0025094 0.39909 0.027541 0.053154
0.73343 0.0083503 0.0028152 0.076221 0.17641 0.0018644 0.00090824
0.37261 0.00098415 0.16897 0.40101 0.018536 0.01628 0.021601
0.00085626 0.00098275 0.32169 0.21707 0.10257 0.34741 0.0094089
0.29612 0.12795 0.0066597 0.14274 0.29077 0.10285 0.032913
0.040687 0.01077 0.044847 0.070727 0.80385 0.02176 0.0073549
0.0015243 0.23193 0.40847 0.019976 0.016862 0.3075 0.013737
0.00079902 7.6577e-05 0.0010969 0.001359 0.9756 0.018385 0.0026851
2.8139e-05 2.615e-06 8.2989e-07 0.99997 1.4522e-08 1.4575e-07 1.5098e-06
4.8379e-05 9.05e-05 0.0026189 0.00081621 0.59571 0.00039609 0.40032
3.3095e-05 0.00010811 0.0017517 0.90687 0.00019338 0.090879 0.00016324
0.0012749 0.0053247 0.0010718 0.097252 0.89486 0.00014195 7.4243e-05
0.6747 0.006233 0.029748 0.23167 0.0058908 0.0032474 0.048515
0.00089374 0.07032 0.35591 0.031293 0.3473 0.1688 0.025484
0.68446 0.030979 0.0099103 0.0040886 0.19242 0.0029511 0.075186
0.065219 0.00064795 0.60301 7.1826e-05 0.2792 0.0094883 0.042361
0.007689 0.0010558 0.52265 0.00014155 0.23551 0.012643 0.22032
0.1212 0.0070939 0.0035104 0.8454 0.01199 2.8494e-05 0.01077
0.45576 0.26186 0.19463 0.0034931 0.06435 0.012186 0.0077155
0.002647 0.023204 0.003582 0.00049647 0.85157 0.011979 0.10652
0.67023 2.7296e-05 0.0023641 3.043e-05 0.22246 0.012722 0.092172
0.53583 0.0024502 0.00029136 0.45955 0.0010808 0.00022601 0.00057003
0.00094141 0.00011989 0.0004295 0.97746 4.7511e-06 0.0066251 0.014422
0.0080838 0.0059005 0.001309 0.59313 0.0055637 0.18498 0.20104
0.42045 0.0030898 0.0022959 0.00053102 0.56932 0.0013755 0.0029304
0.050066 0.0032139 0.075496 0.0049812 0.75043 0.10317 0.012643
0.37875 0.0081848 0.31473 0.095743 0.0438 0.15467 0.0041193
0.57108 0.14557 0.17554 0.00059475 0.00095959 0.077996 0.028259
0.14569 0.0050529 0.13186 0.0063351 0.46691 0.0019208 0.24223
0.00065943 0.52606 0.0038216 0.00051792 0.03711 0.41131 0.020522
2.1852e-05 0.00055238 8.7525e-05 0.99835 2.1033e-05 0.0008751 9.4849e-05
0.056864 0.86729 0.00018667 0.025892 0.00093025 0.048104 0.00073216
0.2517 0.0066007 0.00016034 0.022533 0.060924 0.65555 0.0025298
0.0017999 0.0060703 9.0333e-05 0.92605 0.06476 0.00092811 0.00030037
0.00099262 0.00051439 0.92928 0.0002617 0.011917 0.056267 0.00076679
0.1661 0.0024806 0.063502 0.00011643 0.29767 0.46894 0.0011862
0.0018326 0.0033823 0.004592 0.98608 0.00014872 0.0039139 5.4734e-05
0.00054598 0.0062521 0.024179 0.035616 0.026309 0.26878 0.63832
0.0014889 0.00053609 0.155 0.48425 0.0070815 0.33343 0.018216
0.0024249 0.00068525 0.049517 0.048671 0.064373 0.83387 0.00046035
3.7505e-06 0.00051847 0.1463 1.4203e-06 0.85078 0.00011935 0.0022818
5.365e-09 4.864e-05 1.0372e-07 0.99995 2.766e-08 2.12e-06 1.625e-10
1.7463e-05 0.00037647 4.6926e-06 0.99954 8.7113e-06 3.9395e-05 1.3663e-05
0.021816 0.42197 0.0048387 0.22476 0.00010839 0.031426 0.29508
0.003715 7.3506e-05 7.3315e-05 0.9565 2.368e-06 0.039633 8.501e-07
0.043583 0.61893 0.0097507 9.1192e-05 0.32362 0.003893 0.00013121
0.005141 0.0045564 0.0001612 0.98854 3.7558e-05 0.0015553 9.4869e-06
0.72489 0.054947 0.10773 0.0087017 4.0607e-05 0.0028454 0.10084
0.0083639 0.0056221 0.44059 0.0023505 0.0011151 0.54032 0.0016368
0.00031587 0.0025398 0.002379 9.7763e-06 0.48325 0.50637 0.0051425
0.004619 0.0012149 0.0035617 0.00049846 0.56826 0.21735 0.20449
1.7473e-06 3.0548e-07 6.2803e-09 1 5.2089e-10 5.4776e-08 1.4407e-07
0.34315 0.0072001 0.00015342 0.00018985 0.016881 0.62347 0.0089527
0.017948 0.010883 0.32089 1.2898e-05 0.38957 0.26041 0.00029363
0.019587 0.044452 0.015444 0.00057713 0.020883 0.48864 0.41041
0.060923 0.00067971 0.00031325 0.90218 1.4129e-06 0.0016906 0.03421
0.019465 1.823e-05 0.0099782 0.013152 0.71613 0.23054 0.010721
0.024582 0.039936 0.10711 4.1154e-07 0.036963 0.5289 0.2625
0.0010095 0.0025325 0.00015558 0.022539 0.026983 0.94645 0.00033455
0.964 0.00032899 0.00072751 0.019722 0.00018025 8.8767e-06 0.015031
0.67237 0.23719 0.00011101 0.076215 0.011907 0.00019745 0.0020055
0.044201 0.0029752 0.0034473 0.34844 0.037899 0.038199 0.52484
3.8798e-07 2.4106e-05 7.0991e-06 1.2553e-06 0.97362 0.026349 2.7295e-06
0.12036 0.00082331 0.093583 0.5025 0.0034525 0.072917 0.20636
0.12409 0.0029569 0.090721 0.00015131 0.001975 0.096682 0.68343
0.68761 0.00069401 0.007655 0.046123 0.23497 0.021751 0.0011936
7.3055e-05 0.012294 0.04804 0.0067457 0.89958 0.022517 0.010754
0.0008464 0.0012468 0.0001357 0.99693 4.3151e-05 0.00051077 0.00028995
0.086491 0.11603 0.00032219 0.73455 0.059191 0.0033987 1.3134e-05
0.024042 0.10549 0.0025157 0.0023411 0.021375 0.84189 0.002342
0.32692 0.00048259 0.075093 0.0079016 0.57779 0.0038871 0.0079247
0.02009 0.0846 0.122 0.45463 0.21834 0.095797 0.0045403
0.027457 0.0036923 0.00032643 0.057719 0.90883 0.00017594 0.0018032
0.0014171 0.0089037 0.13969 0.056408 0.19401 0.55867 0.040902
0.0024512 0.12604 0.21963 0.25398 0.038866 0.35891 0.00012718
0.00062745 0.010311 0.0081211 0.00037659 0.76247 0.0015378 0.21655
0.0059853 0.00026872 0.0044197 0.021222 0.48741 0.39077 0.089922
0.0018122 0.20713 0.0028575 0.014171 0.0071965 0.75534 0.011492
0.6973 0.0010879 0.024648 0.027148 0.19477 0.049823 0.0052192
0.00043078 0.00017413 0.012768 0.0032757 0.0015609 0.98083 0.00096281
0.0014371 0.013291 0.0033224 0.0037617 0.30047 0.66831 0.009408
0.098735 0.00070956 0.0013509 0.045537 0.0001109 0.84699 0.0065623
0.15612 0.0073873 9.823e-06 1.9176e-07 0.69222 0.14426 5.4911e-06
0.0032281 0.0043429 0.00022011 0.10507 0.88184 0.0052491 5.3944e-05
1.814e-05 1.3419e-05 0.00030951 0.9996 5.1397e-05 1.2675e-06 9.4299e-06
0.015143 0.08336 0.00058062 0.067165 0.70004 0.0078573 0.12585
0.0018438 0.016162 0.00076429 0.0033124 0.86743 0.10329 0.0071996
0.00023056 0.018126 1.5102e-05 0.97649 0.00011996 0.000205 0.00481
0.52599 0.090979 0.035107 0.00074281 0.2503 0.083841 0.013047
2.9999e-05 2.4075e-07 3.1647e-08 0.9999 3.8969e-07 1.0715e-05 5.6308e-05
0.16064 0.002451 0.18505 0.018328 0.1037 0.49681 0.03303
0.025063 0.0078804 0.0011054 0.51907 0.40071 0.044664 0.0015056
6.0832e-05 0.99117 0.00098194 0.00065689 0.0029283 0.0041138 8.4224e-05
0.00026062 0.10677 0.019834 0.00056564 0.072275 0.17642 0.62387
0.27217 0.0071353 0.28845 0.017605 0.0017346 0.16291 0.24999
0.99195 1.4585e-05 0.0036877 2.118e-06 7.0356e-06 0.0042709 6.961e-05
3.7256e-05 4.1376e-05 4.4725e-05 0.99889 1.3678e-05 0.00097421 1.3426e-06
0.26332 0.0023722 0.074869 0.62498 2.4148e-06 0.034445 1.2104e-05
0.35771 0.0030568 0.2941 0.095007 0.050004 0.16455 0.035579
0.98394 0.012498 3.9525e-06 6.9101e-07 0.00339 3.2117e-05 0.00014048
0.90255 0.00020576 3.8051e-05 0.0003266 0.092978 4.9877e-05 0.003847
