0.090432 0.082522 0.093178 0.21986 0.088348 0.13928 0.28638
0.063906 0.052147 0.45878 0.091352 0.045782 0.11649 0.17154
0.3617 0.11546 0.04479 0.14194 0.060864 0.13715 0.1381
0.25634 0.090899 0.13208 0.23084 0.059706 0.10302 0.12712
0.035839 0.16041 0.026383 0.1621 0.44443 0.11633 0.054513
0.069353 0.074807 0.28469 0.20013 0.09252 0.12125 0.15725
0.17343 0.067372 0.2272 0.13433 0.024548 0.23708 0.13604
0.4262 0.03266 0.21298 0.1443 0.013866 0.070818 0.099177
0.097235 0.13458 0.043823 0.16899 0.32895 0.13529 0.091126
0.044346 0.11342 0.04188 0.15824 0.44148 0.13425 0.066382
0.032853 0.10051 0.16625 0.12699 0.29223 0.16187 0.1193
0.12007 0.12489 0.0636 0.32519 0.080651 0.14106 0.14454
0.089907 0.11617 0.044538 0.15077 0.13968 0.24027 0.21867
0.028788 0.096067 0.097426 0.2678 0.22154 0.1317 0.15668
0.19959 0.11755 0.11304 0.16449 0.070314 0.18216 0.15286
0.010217 0.1248 0.026779 0.1357 0.38033 0.22015 0.10203
0.18911 0.099013 0.05021 0.14909 0.33363 0.11701 0.061934
0.064237 0.12245 0.049936 0.24551 0.22459 0.17593 0.11735
0.060882 0.089506 0.1337 0.26965 0.14087 0.17462 0.13077
0.091008 0.12317 0.081885 0.23741 0.14579 0.17384 0.14689
0.024377 0.086947 0.026199 0.13012 0.4729 0.14916 0.11029
0.043182 0.12979 0.035313 0.26414 0.26411 0.15779 0.10567
0.030375 0.11807 0.030548 0.24997 0.37841 0.15121 0.041422
0.22298 0.10725 0.10368 0.14195 0.24512 0.079675 0.099332
0.37613 0.076906 0.057307 0.090019 0.033093 0.25223 0.11431
0.065877 0.19449 0.067991 0.28318 0.15242 0.13603 0.10001
0.090489 0.076215 0.1364 0.20248 0.058256 0.28345 0.15271
0.30902 0.096627 0.074648 0.25344 0.077569 0.1099 0.0788
0.23448 0.07369 0.095362 0.23764 0.19691 0.064445 0.09747
0.57723 0.036637 0.14077 0.080272 0.017384 0.10982 0.037895
0.064515 0.11809 0.10277 0.22444 0.3162 0.10738 0.066595
0.12828 0.13685 0.072977 0.29911 0.17508 0.086161 0.10153
0.056942 0.13016 0.034414 0.10303 0.40673 0.1846 0.08412
0.16624 0.058174 0.10763 0.11233 0.043101 0.29341 0.21911
0.071744 0.10424 0.03243 0.15306 0.31578 0.16648 0.15627
0.02177 0.14692 0.086567 0.18865 0.34134 0.11988 0.094877
0.11468 0.087499 0.14093 0.16252 0.23725 0.15445 0.10266
0.064893 0.10924 0.128 0.22788 0.085268 0.17955 0.20517
0.42581 0.050269 0.05775 0.10478 0.025454 0.26898 0.066946
0.038992 0.054856 0.22143 0.091304 0.14961 0.22179 0.22202
0.108 0.13405 0.051477 0.16976 0.37063 0.097323 0.068769
0.013859 0.096163 0.17494 0.20178 0.21274 0.20951 0.091004
0.051009 0.13366 0.055179 0.17941 0.34056 0.1855 0.054682
0.12884 0.153 0.025162 0.17707 0.29295 0.17782 0.045155
0.041732 0.13178 0.10094 0.15713 0.2142 0.28397 0.070247
0.040736 0.14446 0.071418 0.19632 0.26399 0.1643 0.11877
0.18199 0.11278 0.097501 0.23629 0.15433 0.12116 0.095949
0.12435 0.09859 0.098564 0.24114 0.047915 0.15479 0.23464
0.035489 0.084637 0.06394 0.16797 0.2713 0.23111 0.14555
0.073737 0.13453 0.074232 0.25046 0.096539 0.18573 0.18478
0.039328 0.11687 0.11294 0.30454 0.13033 0.16412 0.13187
0.018386 0.11129 0.23535 0.19405 0.17161 0.12385 0.14545
0.15613 0.078183 0.092418 0.23111 0.078554 0.17231 0.19129
0.093859 0.15412 0.057299 0.27753 0.23145 0.097888 0.087845
0.054286 0.049504 0.29956 0.10028 0.047038 0.16592 0.28342
0.59447 0.096753 0.039672 0.090633 0.041085 0.077941 0.059447
0.079688 0.12446 0.03813 0.2287 0.18034 0.23854 0.11016
0.15753 0.090458 0.14408 0.33065 0.043577 0.11651 0.1172
0.032678 0.11973 0.044875 0.2054 0.27679 0.23024 0.090292
0.53378 0.062185 0.064167 0.16966 0.042946 0.056086 0.071177
0.59778 0.063978 0.053722 0.11313 0.067599 0.04234 0.061452
0.2876 0.14891 0.041885 0.20105 0.18069 0.091984 0.047882
0.032811 0.1155 0.06973 0.24139 0.20891 0.23858 0.093068
0.065266 0.12787 0.03556 0.1269 0.40764 0.16907 0.067693
0.36004 0.072556 0.039309 0.16011 0.11436 0.102 0.15164
0.035815 0.063275 0.067497 0.12299 0.1077 0.43213 0.17059
0.085938 0.14507 0.032451 0.13836 0.38723 0.12284 0.08811
0.34247 0.10787 0.038224 0.2442 0.11312 0.059507 0.094612
0.043583 0.13032 0.073756 0.1763 0.23113 0.24938 0.095536
0.33137 0.10187 0.16391 0.15598 0.026534 0.17502 0.045309
0.16136 0.11154 0.037126 0.19327 0.22605 0.17619 0.094464
0.027939 0.10725 0.11266 0.2307 0.16256 0.22728 0.13161
0.27882 0.11441 0.048836 0.22693 0.13291 0.14259 0.055503
0.031007 0.072354 0.17024 0.28555 0.11237 0.12477 0.20371
0.038883 0.14489 0.050234 0.15379 0.34435 0.15026 0.11758
0.086694 0.098297 0.097635 0.17843 0.30795 0.13096 0.10003
0.21553 0.09926 0.072307 0.21106 0.11686 0.12289 0.16209
0.025101 0.15692 0.051604 0.20892 0.27333 0.20961 0.074503
0.043061 0.10742 0.066659 0.19597 0.30523 0.15012 0.13154
0.022716 0.12423 0.29409 0.19148 0.1186 0.15831 0.090572
0.13219 0.10532 0.069834 0.15301 0.21483 0.17842 0.14639
0.12561 0.17407 0.076462 0.18754 0.16369 0.1984 0.074228
0.058153 0.071033 0.1011 0.084703 0.34509 0.26612 0.073805
0.0053045 0.12653 0.1338 0.1729 0.26089 0.218 0.082575
0.10603 0.13361 0.043435 0.20378 0.33515 0.090185 0.087818
0.46735 0.058589 0.11449 0.12988 0.038451 0.11324 0.077997
0.042336 0.042675 0.51651 0.06821 0.022008 0.1099 0.19836
0.15192 0.036589 0.4177 0.12067 0.039269 0.12102 0.11283
0.034219 0.17788 0.093779 0.2772 0.15454 0.12175 0.14063
0.70593 0.026693 0.085535 0.061074 0.0065498 0.074059 0.040159
0.14138 0.077596 0.048487 0.24015 0.16403 0.13888 0.18948
0.051846 0.13721 0.11349 0.18649 0.19006 0.22251 0.098397
0.36108 0.10731 0.036946 0.12451 0.23957 0.061643 0.068939
0.024642 0.15493 0.031756 0.12041 0.27346 0.25626 0.13854
0.39371 0.051216 0.11185 0.11441 0.022489 0.16129 0.14504
0.025686 0.090439 0.22794 0.13386 0.14717 0.22125 0.15365
0.24137 0.098759 0.074665 0.23117 0.051059 0.14323 0.15975
0.011906 0.12745 0.12266 0.19857 0.13614 0.29507 0.10819
0.51625 0.08999 0.027002 0.088641 0.144 0.071666 0.06245
0.045863 0.13626 0.076701 0.15061 0.36516 0.13547 0.089932
0.036832 0.077525 0.041794 0.088844 0.2924 0.3505 0.1121
0.082843 0.10739 0.097856 0.12741 0.13668 0.32212 0.1257
0.05457 0.075253 0.17431 0.19745 0.21864 0.16307 0.11672
0.058277 0.13476 0.05514 0.14233 0.4609 0.10765 0.040941
0.020303 0.11441 0.15787 0.12979 0.16911 0.27738 0.13115
0.078981 0.1242 0.073972 0.1867 0.31839 0.10893 0.10884
0.05355 0.089089 0.43305 0.12997 0.090766 0.087638 0.11593
0.087915 0.13801 0.17061 0.31539 0.11877 0.067252 0.10205
0.6851 0.034619 0.065299 0.078542 0.025579 0.070493 0.040366
0.15985 0.1051 0.14717 0.27966 0.04488 0.14399 0.11935
0.35268 0.074505 0.075214 0.19613 0.03754 0.14611 0.11782
0.2669 0.08467 0.12217 0.19061 0.036256 0.19967 0.099722
0.054666 0.13445 0.08635 0.22088 0.24028 0.20816 0.055209
0.21178 0.051335 0.064878 0.09242 0.04024 0.26476 0.27458
0.037107 0.10981 0.15732 0.27993 0.079513 0.17573 0.16059
0.13755 0.15032 0.082056 0.18344 0.13212 0.17718 0.13733
0.07242 0.10563 0.18518 0.1711 0.050348 0.29335 0.12198
0.12807 0.093517 0.12998 0.26468 0.057549 0.17219 0.15401
0.04732 0.093412 0.050308 0.15715 0.28318 0.22595 0.14267
0.061691 0.16494 0.077709 0.25172 0.28066 0.10728 0.055992
0.032736 0.15831 0.076291 0.21882 0.1981 0.17398 0.14176
0.50757 0.11608 0.036082 0.13791 0.085105 0.058233 0.059016
0.029162 0.11062 0.046677 0.12146 0.20323 0.37869 0.11016
0.045642 0.11373 0.13131 0.25748 0.081801 0.24225 0.1278
0.42321 0.063841 0.080534 0.10897 0.029261 0.15283 0.14135
0.5242 0.1004 0.045045 0.094881 0.11912 0.058074 0.058289
0.063746 0.11581 0.10998 0.158 0.09179 0.2394 0.22127
0.034099 0.096445 0.11962 0.10533 0.30901 0.25877 0.076727
0.31775 0.094039 0.083262 0.15485 0.096731 0.12959 0.12378
0.036914 0.15042 0.049246 0.20374 0.4147 0.10837 0.036618
0.22361 0.12045 0.040466 0.12426 0.26377 0.14205 0.085392
0.093845 0.15274 0.040562 0.1866 0.27025 0.16159 0.094422
0.25124 0.076149 0.13771 0.15826 0.026746 0.1998 0.1501
0.080659 0.10214 0.040915 0.18496 0.39253 0.14267 0.056128
0.01858 0.14982 0.10976 0.22166 0.30159 0.1036 0.094984
0.027249 0.16511 0.0809 0.24395 0.27128 0.15428 0.057236
0.015301 0.094584 0.40351 0.12003 0.16132 0.13131 0.073958
0.083111 0.11365 0.090679 0.26728 0.15008 0.15191 0.14329
0.03553 0.12012 0.059376 0.14936 0.18565 0.33432 0.11563
0.031032 0.088968 0.056186 0.11169 0.22834 0.29259 0.19119
0.035436 0.073286 0.12152 0.15371 0.26081 0.26818 0.087058
0.10615 0.12616 0.061586 0.19343 0.24675 0.21566 0.050261
0.0050151 0.096945 0.15708 0.084774 0.21382 0.32548 0.11689
0.022723 0.08035 0.078036 0.11227 0.26083 0.33934 0.10645
0.057777 0.089615 0.41363 0.10617 0.031436 0.095313 0.20606
0.018291 0.14568 0.046253 0.14657 0.30625 0.26778 0.069164
0.065766 0.15424 0.071002 0.17302 0.31733 0.11949 0.09915
0.077752 0.1149 0.086496 0.23315 0.20763 0.16081 0.11925
0.091214 0.11318 0.041292 0.18351 0.36913 0.13553 0.066138
0.18473 0.09052 0.22768 0.19962 0.026088 0.14866 0.1227
0.031653 0.13346 0.096879 0.25159 0.14674 0.2468 0.092866
0.0099945 0.13492 0.091851 0.08573 0.35875 0.23039 0.088362
0.33757 0.072587 0.042375 0.089608 0.087224 0.22352 0.14711
0.13316 0.12805 0.042066 0.17492 0.25441 0.12452 0.14287
0.056994 0.14138 0.040185 0.16146 0.48881 0.077439 0.033733
0.02368 0.083009 0.095101 0.20334 0.19284 0.16176 0.24026
0.1241 0.12187 0.028542 0.17919 0.38114 0.10112 0.064046
0.10472 0.14738 0.061235 0.19462 0.29317 0.13697 0.061899
0.0083746 0.10194 0.05273 0.10065 0.23037 0.40718 0.098767
0.23849 0.11331 0.10736 0.22781 0.16897 0.078643 0.065424
0.025641 0.070835 0.39083 0.13468 0.10663 0.13709 0.1343
0.14085 0.13705 0.060392 0.20562 0.29395 0.094313 0.067831
0.24596 0.13555 0.046126 0.13955 0.090673 0.21182 0.13032
0.29054 0.13583 0.030417 0.14682 0.14644 0.15452 0.095434
0.047336 0.053684 0.18593 0.097653 0.048426 0.25953 0.30745
0.18645 0.081884 0.13599 0.28819 0.030276 0.16641 0.11081
0.020821 0.069958 0.49069 0.10772 0.078592 0.11503 0.11719
0.027728 0.11567 0.070594 0.16191 0.31064 0.18417 0.1293
0.054517 0.076745 0.25412 0.1647 0.10171 0.19256 0.15565
0.033967 0.18148 0.055262 0.28346 0.32061 0.060329 0.064883
0.10907 0.1597 0.047859 0.23638 0.31907 0.086649 0.041275
0.22928 0.12133 0.083858 0.18571 0.095239 0.20069 0.083896
0.19554 0.078984 0.11871 0.14962 0.017609 0.22537 0.21417
0.08257 0.10237 0.057891 0.15879 0.25713 0.21544 0.12581
0.11813 0.15889 0.028019 0.22913 0.25437 0.14975 0.061709
0.2193 0.095661 0.11369 0.27952 0.12565 0.086083 0.080091
0.32626 0.12741 0.07272 0.26876 0.057014 0.093086 0.054749
0.020408 0.11715 0.067554 0.17273 0.239 0.222 0.16116
0.055262 0.093429 0.13058 0.31721 0.1825 0.13947 0.081556
0.029594 0.12046 0.06143 0.18785 0.30239 0.2028 0.095472
0.40751 0.075676 0.1763 0.13679 0.063279 0.081964 0.058479
0.052614 0.11566 0.059079 0.14454 0.28681 0.27493 0.066376
0.71595 0.031257 0.079091 0.048972 0.0099488 0.053958 0.060824
0.49976 0.067587 0.080206 0.079812 0.027113 0.13536 0.11016
0.14195 0.16754 0.049048 0.20454 0.19296 0.1713 0.072665
0.49268 0.084968 0.10758 0.13226 0.057345 0.085921 0.039243
0.18491 0.09775 0.023456 0.19142 0.41145 0.06605 0.024972
0.024295 0.11929 0.052934 0.24412 0.32214 0.12052 0.1167
0.050325 0.10112 0.053283 0.12805 0.12802 0.3562 0.183
0.16439 0.103 0.032535 0.14864 0.36439 0.10314 0.083907
0.056172 0.096594 0.23259 0.26994 0.16598 0.092111 0.086614
0.11162 0.10931 0.15899 0.24013 0.15296 0.13822 0.08877
0.015813 0.1026 0.20257 0.13362 0.2022 0.21211 0.13109
0.011979 0.08626 0.25395 0.14106 0.10927 0.26752 0.12997
0.10733 0.11911 0.03801 0.30916 0.22399 0.098443 0.10395
0.17442 0.087373 0.18046 0.22342 0.063114 0.16061 0.1106
0.54369 0.058893 0.09394 0.090716 0.060546 0.08936 0.062851
0.053848 0.09708 0.060082 0.11512 0.28973 0.32565 0.058488
0.11484 0.096946 0.098221 0.2505 0.17511 0.19343 0.070958
0.079973 0.13199 0.09544 0.20914 0.18459 0.23498 0.063894
0.01295 0.15555 0.075392 0.29133 0.27554 0.095224 0.094017
0.046699 0.082437 0.42869 0.09566 0.088335 0.15956 0.098623
0.29303 0.069292 0.23696 0.13815 0.015381 0.14254 0.10465
0.10541 0.15467 0.082855 0.20206 0.13803 0.13714 0.17983
0.06936 0.12145 0.13048 0.25337 0.20204 0.097416 0.12588
0.063244 0.12047 0.084402 0.19214 0.30731 0.12784 0.10459
0.029362 0.10507 0.12573 0.226 0.19163 0.18423 0.13798
0.10232 0.13242 0.15993 0.1782 0.20444 0.13733 0.085366
0.036343 0.10664 0.077985 0.21496 0.28399 0.17223 0.10786
0.018115 0.097923 0.059021 0.25038 0.40683 0.11363 0.054094
0.015304 0.12034 0.099794 0.16567 0.29283 0.22483 0.081233
0.21982 0.15509 0.043465 0.1853 0.20375 0.12902 0.063552
0.064278 0.063818 0.37975 0.15299 0.028837 0.17633 0.13399
0.035522 0.14068 0.067507 0.22114 0.34697 0.1316 0.056585
0.033389 0.12585 0.14636 0.17424 0.19844 0.22443 0.097289
0.46713 0.098567 0.0556 0.13304 0.043737 0.1071 0.094826
0.099142 0.10385 0.082572 0.21755 0.11316 0.24691 0.13681
0.0238 0.095596 0.28425 0.18356 0.092969 0.12221 0.19762
0.031674 0.13064 0.039749 0.14757 0.20297 0.36059 0.086805
0.056461 0.085435 0.10637 0.29745 0.090908 0.15469 0.20869
0.046852 0.117 0.044921 0.14681 0.47352 0.094312 0.076575
0.15467 0.081132 0.1176 0.23263 0.070293 0.17638 0.16729
0.011181 0.099327 0.19033 0.11274 0.21572 0.23741 0.13328
0.11857 0.10654 0.077532 0.25032 0.19897 0.16021 0.087861
0.0078265 0.12403 0.027661 0.20987 0.27473 0.21255 0.14334
0.059943 0.11335 0.031071 0.14838 0.17685 0.29851 0.1719
0.064158 0.12273 0.032177 0.29286 0.31259 0.12641 0.04907
0.023136 0.10068 0.082791 0.17188 0.24064 0.23038 0.15048
0.037431 0.11536 0.051977 0.2331 0.12908 0.26297 0.17007
0.25379 0.092452 0.16292 0.17244 0.046347 0.15003 0.12201
0.10859 0.090817 0.13789 0.25409 0.22419 0.074173 0.11025
0.1939 0.093097 0.059218 0.28763 0.13439 0.077142 0.15463
0.19466 0.090061 0.098779 0.1926 0.092362 0.17043 0.16111
0.059103 0.13345 0.064207 0.2517 0.22138 0.13848 0.13168
0.065567 0.081111 0.28635 0.21999 0.062872 0.18514 0.098977
0.44201 0.09754 0.045666 0.092711 0.089931 0.15851 0.073628
0.42855 0.11829 0.050216 0.1428 0.1301 0.054243 0.075801
0.089161 0.10458 0.1298 0.19539 0.097021 0.16733 0.21672
0.085068 0.1232 0.05969 0.2861 0.25363 0.12696 0.065356
0.13155 0.082618 0.096786 0.11411 0.27374 0.12397 0.17723
0.1441 0.13746 0.094616 0.17146 0.29221 0.11804 0.042115
0.1669 0.098117 0.060868 0.29896 0.097491 0.13836 0.1393
0.054316 0.096876 0.046994 0.18014 0.30016 0.23786 0.083658
0.020345 0.087598 0.077284 0.095386 0.17532 0.40878 0.13528
0.059087 0.11344 0.048521 0.16595 0.24045 0.2309 0.14165
0.48359 0.049383 0.17023 0.1014 0.014917 0.096258 0.084221
0.0059422 0.07559 0.096992 0.14143 0.21199 0.28635 0.18171
0.006591 0.10806 0.15904 0.14967 0.24129 0.21962 0.11573
0.20878 0.15542 0.045029 0.20437 0.18018 0.12675 0.079462
0.017302 0.11667 0.079139 0.1767 0.33845 0.19604 0.075699
0.060033 0.12282 0.036089 0.13426 0.3564 0.18539 0.105
0.26949 0.055889 0.17261 0.12168 0.036628 0.13382 0.20988
0.063151 0.076769 0.20511 0.14427 0.13125 0.26955 0.1099
0.019129 0.08799 0.22288 0.14289 0.14568 0.19582 0.18561
0.11836 0.067279 0.11748 0.20877 0.20843 0.12488 0.15479
0.071386 0.12696 0.045851 0.15333 0.17784 0.21738 0.20724
0.20533 0.095593 0.03574 0.17628 0.23046 0.12796 0.12863
0.14828 0.14352 0.042729 0.21904 0.19668 0.17893 0.070814
0.047631 0.085483 0.1736 0.13145 0.22056 0.26695 0.074323
0.13885 0.1964 0.022743 0.13933 0.19144 0.21756 0.093678
0.023142 0.096703 0.16525 0.13654 0.23271 0.23777 0.10789
0.038256 0.097137 0.091519 0.16815 0.34212 0.19828 0.064532
0.10515 0.092262 0.12173 0.21777 0.10984 0.17763 0.17561
0.0072117 0.05727 0.031497 0.1615 0.38802 0.24129 0.1132
0.42808 0.078373 0.042329 0.16626 0.16222 0.055655 0.067085
0.035649 0.096071 0.35158 0.15422 0.043988 0.18468 0.13382
0.20646 0.04398 0.039928 0.078106 0.050771 0.17841 0.40235
0.030919 0.13718 0.048151 0.17393 0.305 0.20082 0.104
0.021383 0.1199 0.26737 0.1919 0.14443 0.1425 0.11252
0.41283 0.11781 0.055547 0.13548 0.097196 0.093019 0.088106
0.050744 0.10081 0.06245 0.12347 0.22405 0.28935 0.14912
0.039053 0.076436 0.085136 0.084614 0.36093 0.31476 0.039068
0.085065 0.069668 0.2355 0.16935 0.065194 0.18399 0.19123
0.074686 0.13064 0.053765 0.22691 0.18437 0.24802 0.081608
0.057476 0.066465 0.10625 0.14567 0.082895 0.2964 0.24485
0.16763 0.1614 0.069182 0.15248 0.23847 0.14079 0.070053
0.076452 0.11754 0.040903 0.13559 0.3804 0.18358 0.06554
0.066444 0.080887 0.42896 0.11884 0.044194 0.12498 0.13569
0.043182 0.11823 0.065874 0.13387 0.30792 0.21674 0.11418
0.048771 0.13248 0.088509 0.2389 0.32413 0.11434 0.052869
0.065225 0.11757 0.060037 0.18622 0.26126 0.19145 0.11825
0.023687 0.071648 0.075535 0.13911 0.14129 0.28928 0.25945
0.010843 0.069034 0.087882 0.096572 0.21668 0.33604 0.18295
0.041156 0.061285 0.046848 0.079712 0.086183 0.45652 0.2283
0.53531 0.072546 0.048137 0.17549 0.06638 0.064853 0.037284
0.55697 0.04658 0.15267 0.10479 0.0099101 0.069847 0.059235
0.16671 0.10916 0.076024 0.14979 0.16843 0.17829 0.15159
0.031719 0.11818 0.055808 0.14037 0.34146 0.21737 0.095084
0.66749 0.045169 0.10408 0.066904 0.025847 0.046868 0.043649
0.12157 0.11061 0.15522 0.217 0.16116 0.13125 0.1032
0.42934 0.089744 0.12606 0.17678 0.040584 0.081194 0.056306
0.27981 0.089617 0.10382 0.17576 0.065184 0.15187 0.13393
0.091784 0.12297 0.066107 0.20408 0.28127 0.13553 0.098259
0.21632 0.1153 0.030282 0.20521 0.12145 0.17731 0.13412
0.066355 0.12255 0.192 0.19736 0.16063 0.17713 0.083982
0.12317 0.050027 0.053734 0.11069 0.12003 0.2811 0.26126
0.072768 0.098483 0.31454 0.14359 0.04638 0.12503 0.1992
0.0026847 0.072477 0.075645 0.074362 0.18545 0.46002 0.12937
0.18392 0.087498 0.10292 0.19225 0.28688 0.095646 0.050894
0.59591 0.06107 0.069447 0.10407 0.040149 0.072242 0.057104
0.0466 0.092684 0.07341 0.24955 0.23308 0.19493 0.10974
0.013197 0.12072 0.14509 0.21504 0.33352 0.11235 0.060086
0.14273 0.090934 0.19663 0.18696 0.069995 0.14861 0.16414
0.085304 0.086788 0.029222 0.13055 0.20657 0.28467 0.1769
0.43852 0.092291 0.042453 0.15666 0.15949 0.07452 0.036063
0.19143 0.14933 0.028766 0.19651 0.24019 0.09442 0.099365
0.036683 0.1479 0.077591 0.14798 0.35704 0.16212 0.070685
0.055703 0.12338 0.0664 0.17447 0.26143 0.23538 0.083227
0.11707 0.075336 0.23955 0.18349 0.069418 0.1335 0.18163
0.13194 0.081249 0.10854 0.30908 0.18548 0.10698 0.076739
0.066352 0.059892 0.18555 0.054201 0.04234 0.31019 0.28147
0.067241 0.11648 0.13013 0.30632 0.10787 0.1457 0.12625
0.053051 0.068917 0.22965 0.052519 0.14216 0.28473 0.16897
0.1437 0.12507 0.099476 0.31028 0.19016 0.092264 0.039055
0.47866 0.079564 0.078177 0.15155 0.11011 0.033034 0.068903
0.48029 0.090008 0.058816 0.18569 0.10737 0.045453 0.032376
0.40382 0.087844 0.052387 0.1421 0.16868 0.097905 0.047267
0.15786 0.13461 0.052187 0.27953 0.20322 0.1015 0.071098
0.43602 0.098228 0.03279 0.19296 0.12056 0.076804 0.042643
0.4303 0.11946 0.043169 0.15872 0.076462 0.1236 0.048287
0.017125 0.12237 0.057467 0.15788 0.36212 0.21397 0.069067
0.058742 0.063289 0.28159 0.076313 0.044463 0.2199 0.2557
0.092124 0.13351 0.10534 0.26864 0.27766 0.072292 0.050433
0.031125 0.11307 0.040591 0.25545 0.25634 0.18098 0.12245
0.039882 0.092877 0.084978 0.21208 0.27331 0.21287 0.084009
0.10847 0.14371 0.024838 0.19183 0.36041 0.11301 0.057728
0.085871 0.10272 0.17923 0.23624 0.12375 0.13115 0.14104
0.010884 0.11048 0.17373 0.14367 0.1669 0.22104 0.1733
0.072109 0.14333 0.10462 0.26937 0.18818 0.11475 0.10764
0.2116 0.076959 0.24076 0.1925 0.055901 0.11462 0.10766
0.31943 0.11101 0.042781 0.20135 0.21309 0.069647 0.04269
0.015209 0.071316 0.10345 0.083905 0.35648 0.30074 0.068905
0.046283 0.059539 0.50592 0.13209 0.064592 0.096704 0.09487
0.015861 0.074867 0.3107 0.17468 0.048321 0.18603 0.18954
0.58601 0.044208 0.16748 0.098369 0.022551 0.029652 0.051726
0.051093 0.066547 0.35656 0.13579 0.061456 0.1345 0.19405
0.05639 0.11653 0.057458 0.19012 0.13225 0.29466 0.1526
0.1082 0.10727 0.034008 0.17119 0.16251 0.21078 0.20605
0.25677 0.12946 0.16667 0.1443 0.082758 0.10605 0.11401
0.054485 0.084672 0.088489 0.22409 0.14313 0.25117 0.15397
0.0075303 0.061382 0.36279 0.10676 0.14748 0.22509 0.088967
0.01997 0.058939 0.042987 0.059052 0.24144 0.42693 0.15069
0.047648 0.079925 0.33712 0.16836 0.14527 0.12208 0.099595
0.048305 0.077852 0.10038 0.1521 0.17551 0.30741 0.13844
0.091464 0.12705 0.076741 0.21163 0.30541 0.13361 0.054102
0.0032039 0.092177 0.13746 0.16138 0.2699 0.24353 0.092348
0.11033 0.11193 0.09712 0.20785 0.30768 0.11566 0.049415
0.1458 0.096212 0.072918 0.22802 0.17978 0.14717 0.1301
0.029638 0.098656 0.11663 0.2323 0.22809 0.18554 0.10914
0.10683 0.096919 0.024016 0.15928 0.077888 0.32373 0.21133
0.020595 0.097193 0.11673 0.16528 0.22606 0.25407 0.12007
0.024646 0.067152 0.58639 0.066996 0.021532 0.10815 0.12513
0.0093655 0.10767 0.18146 0.14752 0.18241 0.28017 0.091407
0.49256 0.03635 0.1445 0.064047 0.010495 0.14789 0.10415
0.078905 0.029335 0.4349 0.082726 0.026295 0.11535 0.23248
0.061015 0.082786 0.38518 0.11893 0.055008 0.11776 0.17932
0.073188 0.080381 0.18666 0.20169 0.13643 0.13692 0.18474
0.015032 0.11705 0.26953 0.17763 0.20951 0.14859 0.062671
0.73003 0.05495 0.045416 0.045166 0.0092901 0.066781 0.048371
0.10537 0.13016 0.1023 0.20452 0.11261 0.2077 0.13733
0.04471 0.079893 0.35759 0.1543 0.086974 0.18198 0.094556
0.041673 0.11101 0.13768 0.17226 0.34058 0.14246 0.054331
0.0096998 0.077924 0.14355 0.17137 0.30731 0.22234 0.067808
0.045466 0.093695 0.17502 0.2083 0.13433 0.14912 0.19407
0.33664 0.09094 0.090218 0.0774 0.02548 0.2365 0.14283
0.015423 0.10217 0.13687 0.18369 0.077512 0.32956 0.15476
0.040127 0.11865 0.12765 0.13681 0.11171 0.29014 0.17491
0.30983 0.044438 0.12678 0.076279 0.014836 0.16244 0.2654
0.038304 0.11319 0.0405 0.21518 0.34776 0.17591 0.069156
0.057687 0.11707 0.076411 0.20558 0.32925 0.15724 0.056758
0.15036 0.11863 0.080623 0.14882 0.22808 0.16077 0.11272
0.076152 0.068 0.199 0.10272 0.047088 0.23753 0.26951
0.11628 0.094135 0.12772 0.13566 0.063128 0.25839 0.20468
0.047575 0.060531 0.47394 0.10255 0.045625 0.13778 0.132
0.027991 0.10657 0.09957 0.17366 0.17408 0.23884 0.17929
0.33588 0.11516 0.049689 0.21802 0.072768 0.082053 0.12643
0.03476 0.08148 0.32612 0.20124 0.066363 0.15553 0.13451
0.05331 0.055955 0.24132 0.16314 0.028541 0.20732 0.25041
0.58684 0.081585 0.064314 0.14423 0.045423 0.034134 0.043472
0.013271 0.092049 0.041613 0.18006 0.19535 0.23863 0.23902
0.75031 0.046433 0.06009 0.077232 0.010795 0.028068 0.027071
0.12205 0.10767 0.05791 0.27325 0.11634 0.22693 0.095858
0.26434 0.056644 0.097487 0.11294 0.07465 0.18168 0.21227
0.52731 0.076005 0.056301 0.15009 0.06365 0.081251 0.045387
0.040183 0.067256 0.065856 0.29409 0.13081 0.19475 0.20705
0.41563 0.075819 0.11801 0.20861 0.041803 0.08229 0.057833
0.054319 0.099915 0.15764 0.12052 0.26829 0.19745 0.10187
0.043362 0.091003 0.074981 0.14552 0.10706 0.39044 0.14763
0.062394 0.061225 0.39777 0.092698 0.044951 0.12262 0.21834
0.096355 0.11096 0.25979 0.18169 0.094572 0.15246 0.10417
0.084657 0.099575 0.12825 0.17007 0.17597 0.17558 0.16589
0.23854 0.042751 0.18349 0.12094 0.02925 0.17801 0.20702
0.04634 0.12242 0.046417 0.18856 0.30164 0.15895 0.13567
0.26724 0.0911 0.11882 0.17845 0.11263 0.14813 0.083634
0.31831 0.065846 0.16891 0.1423 0.05457 0.12204 0.12802
0.012875 0.09918 0.060589 0.16215 0.33243 0.15915 0.17362
0.048859 0.080499 0.30757 0.15774 0.09844 0.14344 0.16346
0.10563 0.062624 0.39184 0.13994 0.051623 0.11586 0.13249
0.27743 0.11751 0.13915 0.20851 0.053731 0.10148 0.10218
0.11859 0.089912 0.10455 0.12032 0.27713 0.19753 0.091973
0.10229 0.11316 0.11975 0.19265 0.21944 0.1694 0.083304
0.16878 0.11791 0.11251 0.25719 0.20871 0.062791 0.072113
0.02586 0.064282 0.081186 0.17023 0.15012 0.33067 0.17765
0.057861 0.040378 0.43092 0.061342 0.03587 0.21955 0.15408
0.18901 0.14059 0.034036 0.17907 0.29062 0.12414 0.04254
0.089422 0.11517 0.030026 0.16796 0.23705 0.14708 0.21329
0.42887 0.047488 0.055843 0.094508 0.030063 0.20897 0.13426
0.12043 0.08479 0.13799 0.17317 0.11168 0.21216 0.15979
0.017447 0.074181 0.24739 0.14701 0.14431 0.19998 0.16968
0.076767 0.074458 0.046856 0.12433 0.10688 0.17414 0.39657
0.26825 0.10675 0.11439 0.24108 0.038746 0.13724 0.093549
0.062516 0.095766 0.054928 0.16166 0.22243 0.24115 0.16155
0.03031 0.075401 0.38757 0.13794 0.11142 0.12703 0.13032
0.028156 0.10942 0.22458 0.10046 0.18478 0.28228 0.070312
0.064332 0.070306 0.2617 0.2024 0.037682 0.11908 0.2445
0.028291 0.10379 0.045653 0.19538 0.21042 0.24363 0.17283
0.26667 0.10588 0.12865 0.21133 0.064976 0.11643 0.10607
0.012659 0.098154 0.10584 0.12818 0.18439 0.2057 0.26507
0.060351 0.11026 0.070022 0.19842 0.1447 0.26494 0.1513
0.04852 0.13857 0.062474 0.20418 0.28122 0.16089 0.10414
0.12031 0.07223 0.11095 0.18228 0.063846 0.23806 0.21232
0.12471 0.11895 0.12436 0.31435 0.064473 0.18325 0.069911
0.014419 0.1165 0.074736 0.20193 0.40427 0.10613 0.082016
0.427 0.047595 0.20357 0.14964 0.013323 0.071607 0.087269
0.030046 0.13233 0.10572 0.20701 0.26979 0.16528 0.089804
0.40787 0.064665 0.19681 0.12716 0.068419 0.04017 0.094901
0.43976 0.047078 0.16618 0.13695 0.039509 0.083956 0.086568
0.39693 0.074656 0.20369 0.13532 0.032135 0.059921 0.097355
0.29013 0.092615 0.19855 0.19166 0.075564 0.057837 0.093645
0.49031 0.089387 0.1233 0.13467 0.095373 0.032251 0.034708
0.24415 0.090328 0.10797 0.20136 0.082945 0.080987 0.19226
0.72776 0.034527 0.058233 0.068577 0.03287 0.027544 0.050485
0.67645 0.057832 0.074684 0.061958 0.058636 0.034212 0.036229
0.60419 0.067717 0.073459 0.10364 0.041014 0.034763 0.075218
0.38782 0.043188 0.13156 0.21409 0.039155 0.073767 0.11042
0.76578 0.038305 0.049802 0.056206 0.034714 0.018536 0.036658
0.56054 0.065733 0.1034 0.092532 0.064737 0.030707 0.082352
0.71682 0.068889 0.046532 0.079795 0.049265 0.015475 0.023224
0.13716 0.087191 0.19836 0.19295 0.15536 0.10595 0.12303
0.43625 0.13413 0.04932 0.10086 0.1696 0.05929 0.050545
0.54702 0.087731 0.073642 0.12091 0.080122 0.050558 0.04002
0.36474 0.050015 0.24101 0.12191 0.045992 0.047426 0.12891
0.38897 0.08621 0.093447 0.15501 0.13816 0.049976 0.088229
0.62868 0.041224 0.12672 0.088093 0.024236 0.048531 0.042516
0.68727 0.040034 0.10954 0.053135 0.053962 0.031827 0.024226
0.60455 0.047905 0.17659 0.077097 0.029198 0.033095 0.031563
0.38938 0.066428 0.19664 0.13607 0.072526 0.072219 0.066738
0.32385 0.092929 0.0787 0.18788 0.14972 0.074648 0.092269
0.27388 0.11362 0.085008 0.24706 0.065009 0.11818 0.097253
0.80404 0.018415 0.10238 0.017927 0.0052236 0.026798 0.025215
0.84206 0.012769 0.093253 0.020456 0.0055782 0.014094 0.011787
0.28888 0.075236 0.32201 0.13619 0.067688 0.037093 0.072906
0.76067 0.041718 0.071275 0.040198 0.041055 0.025021 0.020065
0.42267 0.12997 0.064361 0.15729 0.12202 0.058638 0.045065
0.44405 0.071236 0.16898 0.12771 0.045099 0.051297 0.091626
0.28276 0.059948 0.099082 0.29266 0.022417 0.17394 0.069197
0.62374 0.038624 0.14591 0.064835 0.056547 0.036742 0.0336
0.75189 0.049121 0.038133 0.042232 0.08248 0.015837 0.02031
0.2606 0.14185 0.12101 0.24596 0.12815 0.049604 0.052827
0.12887 0.14076 0.14961 0.18628 0.23245 0.083466 0.078559
0.29392 0.10867 0.11814 0.20465 0.14743 0.049486 0.077701
0.083564 0.021891 0.74936 0.049557 0.0082893 0.023928 0.063409
0.7464 0.029137 0.10226 0.035455 0.03718 0.023318 0.026246
0.74695 0.035862 0.073964 0.056228 0.026153 0.024428 0.036416
0.5992 0.055882 0.10952 0.083304 0.044912 0.048723 0.058462
0.33191 0.085661 0.16062 0.20368 0.073522 0.082358 0.062244
0.51222 0.072127 0.12652 0.11993 0.046904 0.050162 0.072138
0.54786 0.05834 0.15424 0.0783 0.041528 0.042492 0.077239
0.44754 0.032948 0.27601 0.081504 0.015989 0.064812 0.08119
0.59205 0.062604 0.069744 0.080402 0.047846 0.066782 0.080574
0.25369 0.059212 0.30732 0.18774 0.047916 0.041469 0.10265
0.55701 0.088684 0.031811 0.11201 0.097271 0.066111 0.047096
0.76744 0.04113 0.039698 0.06794 0.030621 0.031174 0.021992
0.80388 0.016095 0.09737 0.03071 0.006375 0.015968 0.029606
0.42461 0.07709 0.17124 0.11838 0.075298 0.032948 0.10044
0.46271 0.099343 0.04429 0.11506 0.17143 0.062643 0.044531
0.52334 0.050162 0.2424 0.058933 0.025956 0.047562 0.051648
0.38833 0.063382 0.25214 0.135 0.064657 0.042747 0.053743
0.29983 0.13612 0.071739 0.21981 0.075278 0.094363 0.10286
0.73637 0.044772 0.056284 0.06483 0.034838 0.031363 0.031546
0.35201 0.075081 0.053163 0.20671 0.16554 0.074792 0.072705
0.058255 0.13255 0.038862 0.2707 0.31544 0.10626 0.077922
0.10644 0.086585 0.14977 0.21448 0.017893 0.14574 0.27909
0.57776 0.054913 0.072705 0.13707 0.049849 0.060231 0.04747
0.74053 0.042769 0.028728 0.086813 0.04395 0.032009 0.025205
0.29755 0.08746 0.081147 0.30263 0.1021 0.063906 0.065218
0.28506 0.089813 0.097729 0.2086 0.045234 0.1173 0.15627
0.46049 0.12886 0.039898 0.11875 0.14506 0.054182 0.052763
0.47119 0.062665 0.072172 0.14715 0.0561 0.10069 0.090036
0.53591 0.072388 0.067023 0.094501 0.12482 0.047678 0.057677
0.37938 0.16252 0.032711 0.17646 0.10406 0.070103 0.074766
0.44403 0.084255 0.092419 0.14046 0.046468 0.074349 0.11802
0.71869 0.050788 0.050216 0.07676 0.019476 0.050858 0.033216
0.40097 0.078208 0.096986 0.16131 0.10923 0.08776 0.065534
0.5269 0.088463 0.038968 0.098527 0.15754 0.044728 0.044875
0.67182 0.060407 0.050253 0.10181 0.027757 0.048676 0.039277
0.68012 0.056134 0.032736 0.080976 0.080919 0.037131 0.031987
0.34601 0.086821 0.086304 0.20424 0.12685 0.077157 0.072626
0.67927 0.06494 0.062003 0.07677 0.036358 0.046892 0.033761
0.54938 0.042823 0.11317 0.1056 0.010539 0.12357 0.054922
0.55746 0.050176 0.10642 0.1707 0.020671 0.039604 0.054969
0.47586 0.05383 0.10985 0.15277 0.030785 0.051464 0.12544
0.74907 0.046093 0.04241 0.070817 0.032854 0.027058 0.031702
0.40526 0.1099 0.041093 0.15271 0.17398 0.068721 0.048328
0.43084 0.10426 0.055662 0.15392 0.145 0.047414 0.062905
0.40233 0.091487 0.082236 0.2234 0.064128 0.074183 0.062235
0.39803 0.072758 0.13077 0.10648 0.027883 0.1467 0.11738
0.76546 0.045983 0.058233 0.048432 0.031236 0.023922 0.026737
0.12284 0.10254 0.12763 0.34024 0.10207 0.07932 0.12536
0.42025 0.12644 0.038183 0.18912 0.15125 0.045318 0.029435
0.39004 0.11256 0.080447 0.20117 0.048223 0.07792 0.089645
0.5622 0.083828 0.04554 0.13908 0.082447 0.05863 0.028271
0.46537 0.10599 0.11393 0.12865 0.064733 0.073858 0.047473
0.32631 0.10439 0.075021 0.2466 0.043741 0.08806 0.11588
0.52072 0.093407 0.044727 0.14461 0.12876 0.031272 0.036496
0.65808 0.049677 0.050683 0.10638 0.040393 0.038016 0.056772
0.15856 0.12033 0.11578 0.33472 0.12017 0.066136 0.084308
0.46986 0.074444 0.079702 0.22035 0.073531 0.034626 0.047484
0.31884 0.127 0.070295 0.16497 0.10619 0.075361 0.13734
0.47205 0.076304 0.035782 0.19761 0.085236 0.04905 0.083976
0.67334 0.057762 0.053535 0.098111 0.042472 0.024798 0.049982
0.15743 0.088639 0.11209 0.31075 0.12503 0.12044 0.085617
0.54052 0.072502 0.078332 0.1034 0.040724 0.072301 0.092227
0.37339 0.11756 0.076036 0.16185 0.073302 0.1268 0.071074
0.091933 0.11214 0.10927 0.27381 0.19493 0.1397 0.078222
0.76007 0.039601 0.043895 0.066372 0.027005 0.030893 0.032165
0.50723 0.069779 0.058187 0.13264 0.1329 0.05626 0.042998
0.32585 0.11829 0.05614 0.18172 0.063523 0.10723 0.14725
0.56875 0.055825 0.09031 0.13116 0.03821 0.056503 0.059243
0.66409 0.053965 0.088839 0.090248 0.029687 0.038375 0.034797
0.31657 0.11779 0.030949 0.17363 0.2083 0.079937 0.072815
0.051414 0.087992 0.28781 0.29529 0.039151 0.14622 0.092127
0.31918 0.11551 0.036293 0.16053 0.24191 0.064274 0.062305
0.65752 0.048498 0.032592 0.10827 0.090444 0.027622 0.035062
0.21825 0.12307 0.041161 0.18792 0.13777 0.14822 0.1436
0.2705 0.12871 0.063634 0.22322 0.17344 0.095749 0.044757
0.38778 0.093486 0.069488 0.16413 0.039189 0.12082 0.12511
0.53463 0.081918 0.064546 0.13439 0.056231 0.0568 0.071493
0.49745 0.10552 0.029618 0.088703 0.15274 0.063223 0.062751
0.63654 0.044059 0.059417 0.067494 0.032048 0.098123 0.062323
0.30908 0.12801 0.057739 0.091961 0.061397 0.22971 0.12211
0.17503 0.095077 0.041092 0.29763 0.13066 0.15086 0.10966
0.0069823 0.096871 0.11502 0.10255 0.28551 0.30433 0.088736
0.056917 0.098104 0.046358 0.24292 0.20958 0.21126 0.13486
0.042592 0.08118 0.24512 0.14092 0.036025 0.29979 0.15438
0.16734 0.14013 0.063943 0.24266 0.22579 0.10885 0.051284
0.031708 0.094839 0.18927 0.13507 0.21205 0.21295 0.12411
0.024719 0.10423 0.079197 0.2303 0.30385 0.20281 0.054901
0.33652 0.067136 0.11865 0.11939 0.13719 0.10146 0.11966
0.39358 0.11778 0.041142 0.19555 0.14304 0.044837 0.064081
0.075705 0.072424 0.21386 0.23465 0.054725 0.14614 0.20249
0.031946 0.13268 0.049435 0.25132 0.28901 0.1988 0.046809
0.069703 0.096106 0.064871 0.16648 0.22092 0.20015 0.18177
0.0056529 0.077934 0.10345 0.052537 0.22218 0.4835 0.054743
0.021807 0.11923 0.074813 0.14671 0.20747 0.30771 0.12226
0.022202 0.10684 0.03881 0.11977 0.53449 0.12146 0.056425
0.12976 0.0748 0.071766 0.18758 0.15741 0.19389 0.1848
0.029196 0.084117 0.11431 0.1489 0.17356 0.29667 0.15325
0.12674 0.10131 0.11614 0.21608 0.25842 0.12074 0.060577
0.03583 0.11085 0.053564 0.15865 0.34785 0.22983 0.063423
0.069095 0.073293 0.30563 0.13257 0.039593 0.17044 0.20937
0.24578 0.14048 0.03566 0.20225 0.16593 0.13502 0.074878
0.01871 0.063423 0.13424 0.15511 0.12779 0.35192 0.14881
0.021777 0.13254 0.058147 0.20552 0.32459 0.19448 0.062945
0.09888 0.12033 0.074684 0.28135 0.26794 0.081513 0.075303
0.037483 0.1177 0.030266 0.19535 0.24362 0.22198 0.1536
0.22244 0.11528 0.11558 0.2064 0.11683 0.12509 0.098381
0.083734 0.046577 0.6324 0.064607 0.010167 0.060013 0.1025
0.094981 0.085291 0.050806 0.20652 0.18497 0.19094 0.18648
0.047378 0.1097 0.082421 0.21364 0.32165 0.1305 0.094717
0.018285 0.082523 0.1225 0.14387 0.20112 0.21583 0.21587
0.072449 0.12413 0.027945 0.22126 0.39085 0.10489 0.058482
0.062463 0.14377 0.0418 0.11111 0.37244 0.18366 0.084768
0.30062 0.055608 0.093582 0.13249 0.059092 0.13305 0.22556
0.35485 0.10663 0.10023 0.20184 0.071268 0.076827 0.088354
0.0094771 0.09768 0.11968 0.14417 0.31063 0.19974 0.11863
0.14105 0.11594 0.089431 0.22263 0.30318 0.083928 0.04384
0.036623 0.075642 0.33219 0.14632 0.16808 0.15544 0.085706
0.30213 0.10574 0.11862 0.18045 0.042417 0.16809 0.082556
0.016132 0.093743 0.05572 0.19356 0.23848 0.22616 0.1762
0.059985 0.13297 0.07102 0.23717 0.23682 0.14808 0.11396
0.031952 0.14005 0.031148 0.12312 0.31338 0.22065 0.1397
0.25491 0.059467 0.1245 0.10095 0.11575 0.22536 0.11906
0.037698 0.1279 0.13129 0.26466 0.20203 0.13124 0.10518
0.010175 0.090385 0.04867 0.11346 0.39129 0.23039 0.11563
0.038793 0.13682 0.037017 0.1797 0.39163 0.12658 0.089454
0.7626 0.037265 0.036065 0.048651 0.011613 0.059069 0.044733
0.068104 0.10266 0.099812 0.23434 0.20715 0.11551 0.17242
0.082252 0.084581 0.20924 0.3238 0.041759 0.12897 0.1294
0.1058 0.1897 0.042037 0.14598 0.34413 0.097775 0.07457
0.073923 0.12057 0.060226 0.25556 0.27216 0.13063 0.086941
0.059768 0.11157 0.18488 0.23744 0.19678 0.13319 0.076374
0.13459 0.049947 0.31928 0.060302 0.023311 0.21305 0.19952
0.012317 0.10053 0.15027 0.22193 0.11866 0.20759 0.1887
0.065354 0.10446 0.046461 0.14642 0.31924 0.23596 0.082107
0.020393 0.13297 0.056015 0.18304 0.20355 0.20181 0.20222
0.059087 0.15839 0.11835 0.15819 0.28891 0.14477 0.07229
0.12717 0.11052 0.05662 0.11066 0.41811 0.10605 0.070864
0.028634 0.14832 0.11025 0.27093 0.18971 0.10819 0.14397
0.059428 0.13955 0.037606 0.21354 0.22031 0.21542 0.11415
0.055119 0.12431 0.053946 0.18292 0.31784 0.16126 0.1046
0.044555 0.052148 0.22963 0.18299 0.046548 0.12736 0.31678
0.21342 0.13084 0.070986 0.24759 0.10994 0.13609 0.09114
0.056405 0.1303 0.093225 0.20958 0.12977 0.23168 0.14904
0.029691 0.10539 0.26116 0.16215 0.17388 0.12776 0.13997
0.10529 0.099101 0.030519 0.19058 0.3507 0.11632 0.1075
0.046765 0.081482 0.039366 0.22551 0.24901 0.19333 0.16453
0.034392 0.12887 0.092509 0.24249 0.28824 0.12712 0.086376
0.25572 0.095888 0.068047 0.21313 0.13507 0.088687 0.14346
0.066418 0.15875 0.051795 0.29172 0.20047 0.15683 0.074014
0.079243 0.14468 0.032723 0.16168 0.26669 0.20097 0.11401
0.052008 0.10642 0.039141 0.14127 0.16957 0.32149 0.1701
0.10799 0.075158 0.15478 0.17972 0.094807 0.19826 0.1893
0.061136 0.092711 0.11401 0.28248 0.12055 0.11982 0.2093
0.056611 0.1514 0.10019 0.27103 0.16184 0.17822 0.080705
0.045554 0.13001 0.036893 0.26127 0.29368 0.13239 0.1002
0.045444 0.12155 0.1044 0.19756 0.22562 0.195 0.11042
0.04151 0.10845 0.13011 0.25925 0.15974 0.17939 0.12156
0.33008 0.058586 0.13649 0.097838 0.043495 0.13637 0.19714
0.33403 0.11258 0.044205 0.15398 0.24524 0.043281 0.066685
0.12415 0.074254 0.25494 0.16878 0.035032 0.18348 0.15936
0.51691 0.057706 0.046892 0.12415 0.043971 0.1461 0.064263
0.040985 0.11818 0.17814 0.22717 0.075878 0.14733 0.21231
0.036252 0.17781 0.028676 0.21394 0.27172 0.15703 0.11458
0.083101 0.15476 0.025513 0.35722 0.24284 0.084827 0.051743
0.066212 0.12508 0.057554 0.23256 0.34348 0.12606 0.049051
0.064621 0.12983 0.030731 0.12551 0.52325 0.094123 0.031931
0.027889 0.11572 0.20528 0.1889 0.069477 0.12666 0.26607
0.11118 0.070953 0.17435 0.19776 0.051367 0.25109 0.14331
0.466 0.076146 0.049982 0.11076 0.076539 0.13953 0.081047
0.0091737 0.057605 0.091719 0.070558 0.29559 0.3845 0.090855
0.43701 0.086217 0.11877 0.1374 0.097629 0.048305 0.074658
0.01863 0.13716 0.087282 0.18372 0.13481 0.28301 0.15539
0.10719 0.080732 0.1693 0.10637 0.04791 0.26777 0.22073
0.033601 0.10715 0.093211 0.16554 0.28512 0.14099 0.17439
0.23538 0.12104 0.12135 0.17784 0.11199 0.10548 0.12692
0.65477 0.046548 0.04732 0.078401 0.025771 0.079347 0.06784
0.15689 0.10037 0.057811 0.23208 0.26444 0.10814 0.080265
0.58545 0.054411 0.043871 0.14316 0.08868 0.054388 0.03004
0.45865 0.076826 0.095919 0.14355 0.099095 0.081608 0.044349
0.098824 0.14419 0.048284 0.12828 0.31114 0.15169 0.1176
0.066587 0.10736 0.041795 0.16294 0.34345 0.17535 0.10251
0.03067 0.050653 0.29603 0.098895 0.059073 0.27657 0.18811
0.49892 0.047904 0.054395 0.063313 0.015613 0.22972 0.090141
0.34883 0.10378 0.11302 0.15372 0.042269 0.15375 0.084637
0.01472 0.070819 0.17826 0.10958 0.24486 0.28335 0.098412
0.18518 0.13618 0.077224 0.2437 0.083812 0.13181 0.14209
0.030018 0.11938 0.075957 0.21161 0.14978 0.23277 0.18049
0.077281 0.1336 0.030004 0.17514 0.35741 0.1256 0.10096
0.19046 0.13235 0.11666 0.17128 0.071493 0.10656 0.2112
0.25224 0.10711 0.052502 0.14097 0.26279 0.12011 0.064276
0.20914 0.08712 0.1256 0.15631 0.049443 0.21774 0.15464
0.26105 0.065077 0.096482 0.20906 0.058975 0.13839 0.17097
