0.1526 0.070328 0.10981 0.13871 0.093806 0.085576 0.34917
0.27881 0.055401 0.28562 0.096887 0.03936 0.12845 0.11548
0.24743 0.071079 0.12482 0.1233 0.086094 0.11085 0.23643
0.41466 0.11013 0.084977 0.1673 0.045015 0.11081 0.067116
0.036936 0.095571 0.022919 0.22115 0.2733 0.32154 0.028585
0.16122 0.060071 0.13557 0.171 0.26625 0.092465 0.11343
0.23144 0.048758 0.25593 0.1637 0.021663 0.17916 0.099353
0.37248 0.027225 0.11997 0.18069 0.15515 0.070059 0.074416
0.24322 0.099915 0.09397 0.10267 0.27287 0.10981 0.077553
0.044045 0.10988 0.049816 0.11405 0.36379 0.14868 0.16973
0.18033 0.11808 0.074055 0.12228 0.16952 0.26459 0.071145
0.14274 0.082781 0.05779 0.20347 0.21669 0.20552 0.091006
0.074696 0.076334 0.064158 0.098657 0.33498 0.15017 0.20101
0.066004 0.062028 0.066493 0.1765 0.31605 0.22082 0.092115
0.1008 0.079409 0.056963 0.43801 0.062999 0.18007 0.08175
0.041681 0.07104 0.043548 0.085414 0.39687 0.30073 0.060717
0.12286 0.070812 0.11268 0.15262 0.31364 0.12308 0.1043
0.049018 0.077088 0.0352 0.45734 0.16124 0.1538 0.066311
0.037772 0.066123 0.0578 0.54765 0.11873 0.10929 0.062638
0.079695 0.11036 0.085241 0.18903 0.26169 0.17874 0.095237
0.12192 0.087838 0.10713 0.088981 0.34024 0.15667 0.097232
0.077364 0.096055 0.034686 0.34657 0.23138 0.15086 0.06308
0.091213 0.071577 0.15464 0.16887 0.24835 0.19753 0.067818
0.13307 0.09633 0.15783 0.10642 0.30806 0.1124 0.085893
0.19927 0.11505 0.086115 0.32854 0.025859 0.16612 0.079045
0.078611 0.10822 0.049914 0.44816 0.12235 0.12871 0.064034
0.095449 0.058781 0.18609 0.17397 0.095436 0.25685 0.13342
0.31173 0.0806 0.060288 0.19106 0.17587 0.096331 0.084113
0.16666 0.079247 0.074227 0.25337 0.28547 0.059676 0.081344
0.1817 0.036664 0.36763 0.047976 0.17285 0.12291 0.070272
0.15377 0.08618 0.11305 0.17449 0.24823 0.11971 0.10457
0.20954 0.11036 0.088958 0.1525 0.17999 0.16089 0.097759
0.06897 0.17921 0.082934 0.071522 0.35646 0.17065 0.070257
0.26521 0.0525 0.16025 0.085828 0.08333 0.16569 0.18719
0.075227 0.22371 0.0461 0.10439 0.28483 0.15122 0.11451
0.050796 0.17442 0.068963 0.13427 0.35905 0.13394 0.078557
0.31299 0.11619 0.10011 0.10299 0.17265 0.11663 0.078424
0.090401 0.07866 0.14387 0.17237 0.21897 0.13125 0.16448
0.22377 0.038968 0.065847 0.20415 0.048614 0.37575 0.042898
0.1893 0.054246 0.20763 0.060694 0.13101 0.19577 0.16134
0.11155 0.20908 0.09153 0.13738 0.30068 0.091115 0.05867
0.045477 0.13113 0.06462 0.35011 0.19801 0.16243 0.048218
0.070672 0.10065 0.080959 0.23316 0.28845 0.10195 0.12415
0.097756 0.11797 0.068628 0.18672 0.31485 0.09963 0.11445
0.054321 0.1024 0.20826 0.097026 0.22223 0.25499 0.060778
0.040021 0.080347 0.070662 0.13193 0.30117 0.20489 0.17099
0.24141 0.13073 0.052363 0.36274 0.093661 0.065925 0.053172
0.073146 0.062499 0.055014 0.57348 0.031798 0.088157 0.1159
0.20662 0.063818 0.051219 0.15351 0.20209 0.22334 0.099404
0.072903 0.10679 0.10046 0.26826 0.14876 0.18391 0.11893
0.18344 0.11972 0.065511 0.29345 0.12312 0.13519 0.079571
0.083492 0.07064 0.14836 0.12549 0.24418 0.22482 0.10302
0.19833 0.058646 0.14928 0.17787 0.12246 0.17145 0.12196
0.12033 0.10162 0.080144 0.21291 0.34447 0.089594 0.050937
0.046023 0.037903 0.14854 0.49516 0.024589 0.077754 0.17003
0.55404 0.068682 0.027271 0.15319 0.052163 0.060304 0.084356
0.050523 0.075473 0.12575 0.17544 0.22419 0.27718 0.071445
0.10261 0.086877 0.07143 0.50753 0.068849 0.10045 0.062254
0.05135 0.077247 0.053555 0.13228 0.45112 0.16313 0.071317
0.2407 0.061254 0.088584 0.11576 0.076636 0.073055 0.34401
0.21162 0.063296 0.092661 0.088172 0.32683 0.12054 0.096885
0.17996 0.097854 0.087328 0.32259 0.12291 0.14122 0.048138
0.08528 0.12837 0.069772 0.28541 0.19602 0.16759 0.067568
0.22656 0.080449 0.088386 0.10757 0.25512 0.15022 0.091695
0.13508 0.08439 0.077729 0.16266 0.12229 0.31519 0.10267
0.023984 0.062597 0.12711 0.3838 0.10988 0.21048 0.082156
0.15177 0.098912 0.27354 0.13942 0.088423 0.15205 0.095888
0.17668 0.063589 0.044653 0.43387 0.17443 0.055993 0.050783
0.048067 0.095302 0.048594 0.33109 0.21444 0.20767 0.054838
0.14041 0.063229 0.29002 0.11552 0.084971 0.16571 0.14014
0.158 0.083548 0.10427 0.15906 0.23172 0.16249 0.10091
0.064555 0.077451 0.078939 0.29398 0.18936 0.17695 0.11877
0.11425 0.096553 0.21314 0.17618 0.18303 0.14126 0.075587
0.068351 0.074033 0.12328 0.16238 0.10335 0.10728 0.36131
0.094757 0.097027 0.036392 0.17641 0.40125 0.12618 0.067989
0.15156 0.10147 0.082575 0.21381 0.25784 0.1274 0.065345
0.12252 0.071401 0.14246 0.28583 0.14583 0.070728 0.16123
0.036752 0.1152 0.059707 0.17608 0.36458 0.12524 0.12243
0.14699 0.086664 0.10694 0.16355 0.27107 0.14072 0.084067
0.19573 0.078898 0.1233 0.25524 0.095949 0.20559 0.045297
0.15155 0.075506 0.088689 0.092097 0.29689 0.12309 0.17218
0.078942 0.15447 0.053839 0.2953 0.15927 0.17739 0.080782
0.20405 0.089047 0.053509 0.093923 0.26146 0.22144 0.076572
0.045203 0.099063 0.12251 0.23232 0.25657 0.1954 0.048928
0.145 0.084572 0.11133 0.13654 0.32328 0.095609 0.10367
0.26126 0.12817 0.1317 0.081878 0.15021 0.067642 0.17915
0.14621 0.057012 0.30739 0.12932 0.13376 0.081362 0.14495
0.16183 0.056566 0.22284 0.11559 0.082651 0.25465 0.10587
0.05191 0.11954 0.084878 0.3711 0.10836 0.16566 0.098557
0.15385 0.084293 0.47308 0.092217 0.030009 0.13564 0.030915
0.090471 0.046628 0.023586 0.50519 0.1321 0.11355 0.088479
0.074053 0.11048 0.10367 0.10188 0.34393 0.14791 0.11808
0.22962 0.12525 0.054231 0.13571 0.24939 0.11287 0.092935
0.036042 0.12185 0.03354 0.22294 0.30266 0.20207 0.0809
0.2351 0.064062 0.074619 0.22908 0.020837 0.29252 0.083786
0.020847 0.063134 0.14818 0.093089 0.31595 0.2283 0.13051
0.2585 0.10452 0.067347 0.15036 0.08075 0.18999 0.14853
0.22035 0.18429 0.068746 0.1208 0.14606 0.19043 0.069311
0.35985 0.068689 0.1758 0.063077 0.21745 0.054295 0.060826
0.034054 0.075336 0.05553 0.095488 0.3581 0.23269 0.14881
0.083844 0.0549 0.082166 0.10199 0.31052 0.21774 0.14883
0.10529 0.094449 0.25304 0.1546 0.20487 0.066636 0.12111
0.13038 0.070039 0.25018 0.12266 0.17618 0.11349 0.13707
0.054059 0.075621 0.042875 0.088783 0.41956 0.27576 0.04334
0.11055 0.10019 0.34093 0.085121 0.10573 0.1681 0.089382
0.049224 0.1207 0.10546 0.13159 0.41909 0.10704 0.066891
0.21395 0.10655 0.29362 0.09466 0.062048 0.11826 0.1109
0.050427 0.088011 0.082942 0.61997 0.067494 0.041168 0.049983
0.61151 0.048638 0.052334 0.069009 0.037981 0.13205 0.04847
0.32337 0.082099 0.1246 0.17569 0.085907 0.11791 0.090419
0.29381 0.077382 0.11546 0.19868 0.08169 0.15444 0.078546
0.28025 0.062136 0.094925 0.17478 0.10425 0.17938 0.10427
0.038034 0.18342 0.04261 0.30656 0.21876 0.18196 0.028657
0.17897 0.075376 0.11772 0.12507 0.081214 0.1375 0.28414
0.045665 0.070714 0.093612 0.51771 0.067696 0.1188 0.085803
0.18327 0.093075 0.080214 0.11596 0.088167 0.10297 0.33634
0.058787 0.078782 0.11951 0.12114 0.29199 0.23931 0.090478
0.067311 0.08212 0.12502 0.16459 0.12242 0.21538 0.22315
0.069018 0.14676 0.035588 0.10743 0.38301 0.15184 0.10635
0.10241 0.192 0.10467 0.13987 0.27422 0.06296 0.12387
0.076162 0.14018 0.06222 0.2058 0.28381 0.15178 0.080048
0.40886 0.083767 0.049439 0.26724 0.097177 0.04785 0.04567
0.063142 0.15884 0.046305 0.14591 0.29213 0.2265 0.067162
0.031363 0.077196 0.099599 0.18246 0.21952 0.19741 0.19245
0.1601 0.056142 0.38346 0.086539 0.017637 0.079398 0.21672
0.45225 0.073682 0.053893 0.07622 0.19275 0.070133 0.08107
0.093313 0.079156 0.12102 0.13803 0.10513 0.19069 0.27266
0.057717 0.059625 0.27903 0.066881 0.20571 0.15965 0.1714
0.36046 0.089232 0.062653 0.22224 0.079301 0.057067 0.12905
0.033864 0.081063 0.071439 0.27407 0.29124 0.21335 0.03497
0.13343 0.095715 0.10277 0.11501 0.23554 0.2332 0.084339
0.15627 0.088061 0.23442 0.13463 0.19156 0.13536 0.059704
0.10773 0.053151 0.079309 0.52417 0.025958 0.12351 0.086177
0.096636 0.090373 0.068315 0.23571 0.29258 0.16638 0.050009
0.11715 0.11169 0.14483 0.13421 0.2693 0.16487 0.05796
0.10942 0.20317 0.042371 0.22253 0.18888 0.19824 0.035393
0.091474 0.079605 0.19273 0.31697 0.15035 0.10758 0.061296
0.13471 0.098671 0.083878 0.16399 0.23744 0.21268 0.068633
0.053553 0.15105 0.050477 0.13511 0.25491 0.29464 0.060254
0.11136 0.082789 0.04497 0.075346 0.31045 0.21461 0.16048
0.078078 0.12484 0.061807 0.24363 0.19493 0.25047 0.046242
0.059507 0.080112 0.061142 0.2123 0.32976 0.19306 0.064127
0.02563 0.089283 0.1648 0.06699 0.20367 0.32654 0.12308
0.02373 0.05231 0.075646 0.36696 0.22197 0.18266 0.076738
0.13523 0.090528 0.26444 0.1181 0.095692 0.075393 0.22061
0.035698 0.092477 0.073807 0.13124 0.24872 0.37111 0.04696
0.18861 0.095749 0.078288 0.17159 0.20262 0.10336 0.15977
0.15803 0.10421 0.12992 0.14987 0.14476 0.23146 0.081752
0.061494 0.082936 0.097598 0.13939 0.36541 0.18969 0.063488
0.33874 0.079317 0.18883 0.13113 0.041086 0.10913 0.11176
0.046468 0.07873 0.04444 0.48652 0.13944 0.15505 0.049349
0.042499 0.089216 0.30748 0.058557 0.064047 0.19381 0.24439
0.21909 0.048417 0.065193 0.29933 0.091879 0.18264 0.093456
0.075201 0.089257 0.021024 0.44808 0.17215 0.11861 0.07568
0.072843 0.09877 0.043217 0.12661 0.40564 0.21071 0.042215
0.086178 0.067128 0.052579 0.30743 0.1871 0.19055 0.10903
0.077702 0.091295 0.027101 0.11996 0.3909 0.24133 0.051713
0.10732 0.091368 0.081131 0.17015 0.36351 0.095862 0.090657
0.070584 0.11088 0.033734 0.23369 0.2072 0.29461 0.049305
0.14309 0.071198 0.11788 0.1526 0.18838 0.18034 0.14651
0.10379 0.051299 0.33605 0.084111 0.082563 0.11197 0.23023
0.10862 0.08234 0.13476 0.14627 0.34237 0.11376 0.071881
0.2603 0.088983 0.12168 0.10182 0.077566 0.19446 0.15519
0.1435 0.096985 0.066445 0.10765 0.30929 0.15452 0.12162
0.14958 0.094963 0.13027 0.071677 0.075441 0.2217 0.25637
0.14214 0.10873 0.057636 0.17236 0.20379 0.11424 0.20111
0.075871 0.086599 0.24059 0.1344 0.14011 0.20589 0.11655
0.055535 0.070523 0.051641 0.11317 0.34546 0.28738 0.076287
0.054686 0.051068 0.20956 0.10309 0.094263 0.19438 0.29295
0.1699 0.11598 0.1506 0.18447 0.24237 0.079294 0.057387
0.080806 0.092209 0.065629 0.16814 0.27207 0.21464 0.10651
0.11779 0.08201 0.056917 0.39693 0.093482 0.16516 0.087711
0.1884 0.057265 0.076303 0.15633 0.10822 0.19102 0.22246
0.076263 0.081415 0.058873 0.13472 0.31217 0.21133 0.12523
0.21063 0.12235 0.064139 0.14303 0.2446 0.089642 0.12561
0.33463 0.059484 0.089281 0.25264 0.14549 0.07439 0.044088
0.33484 0.085371 0.11196 0.19447 0.12748 0.089284 0.056587
0.065486 0.33803 0.042109 0.13027 0.15376 0.19585 0.074492
0.048607 0.055043 0.052022 0.41546 0.19563 0.18265 0.050582
0.076027 0.13795 0.055976 0.23726 0.24343 0.19761 0.05175
0.29534 0.067369 0.14198 0.093713 0.089588 0.083641 0.22837
0.074115 0.24209 0.068794 0.11678 0.22967 0.17314 0.095417
0.58811 0.059411 0.05971 0.03124 0.046511 0.087543 0.12748
0.43679 0.078263 0.094357 0.050293 0.038939 0.087413 0.21394
0.077367 0.093892 0.031893 0.5139 0.11665 0.12947 0.036829
0.27101 0.056085 0.094986 0.089602 0.26153 0.19394 0.032844
0.16456 0.14183 0.027542 0.16317 0.32871 0.14919 0.025002
0.087554 0.13115 0.094761 0.19204 0.2896 0.11189 0.093002
0.071684 0.10301 0.08614 0.14347 0.17587 0.28217 0.13766
0.15979 0.15125 0.043156 0.09423 0.32981 0.14435 0.077425
0.11079 0.062175 0.10749 0.16279 0.2985 0.16529 0.092962
0.076978 0.077115 0.0744 0.52173 0.097093 0.091282 0.061401
0.046643 0.07688 0.22345 0.083085 0.26961 0.13575 0.16459
0.048003 0.10117 0.29796 0.08677 0.23447 0.12835 0.10328
0.19918 0.14962 0.073456 0.20589 0.2172 0.066304 0.088346
0.10612 0.060215 0.14313 0.11419 0.071666 0.41548 0.089199
0.33976 0.047555 0.090148 0.081306 0.093253 0.27898 0.068996
0.077166 0.13144 0.043758 0.11223 0.35165 0.2357 0.048053
0.14348 0.066247 0.26764 0.10663 0.15755 0.20158 0.056874
0.098865 0.10029 0.26774 0.15201 0.13653 0.17183 0.072736
0.15592 0.23511 0.076117 0.15676 0.087705 0.082504 0.20588
0.14412 0.070187 0.33487 0.06438 0.075049 0.1297 0.18169
0.4336 0.048047 0.22174 0.088915 0.044337 0.071246 0.092116
0.058704 0.10871 0.088047 0.1466 0.20093 0.24287 0.15414
0.062029 0.1315 0.079617 0.36825 0.14375 0.13441 0.080443
0.05615 0.09912 0.10417 0.12699 0.36816 0.12513 0.12028
0.058094 0.080393 0.092792 0.3978 0.12901 0.12031 0.1216
0.26928 0.15322 0.089774 0.10633 0.21146 0.075055 0.094879
0.10401 0.10361 0.097582 0.15725 0.22192 0.19008 0.12555
0.049479 0.10629 0.063334 0.21018 0.28745 0.23292 0.050347
0.10009 0.22228 0.093116 0.20433 0.10939 0.2122 0.058602
0.12593 0.12297 0.074066 0.26939 0.13341 0.22624 0.047988
0.038653 0.046573 0.1986 0.13003 0.15396 0.34981 0.082379
0.070231 0.27648 0.056176 0.15035 0.22404 0.16717 0.055551
0.038272 0.083161 0.082461 0.1122 0.3399 0.28628 0.057724
0.37302 0.11677 0.047484 0.15676 0.14311 0.081218 0.081639
0.21502 0.098414 0.11554 0.1544 0.1956 0.12767 0.09336
0.02674 0.061666 0.2054 0.13018 0.3143 0.14905 0.11267
0.058811 0.11549 0.15468 0.1579 0.22375 0.1791 0.11027
0.059194 0.079768 0.14366 0.17336 0.12236 0.14757 0.27409
0.061356 0.072266 0.096803 0.25129 0.27231 0.19481 0.051154
0.11024 0.15508 0.071842 0.15431 0.1552 0.1485 0.20482
0.069254 0.075043 0.11984 0.10747 0.36172 0.16962 0.097047
0.071652 0.066349 0.2986 0.14845 0.15745 0.12594 0.13156
0.15823 0.080848 0.041961 0.15842 0.21882 0.24921 0.092512
0.1756 0.10789 0.043192 0.14764 0.19614 0.21859 0.11096
0.12738 0.077319 0.049185 0.31661 0.25492 0.14279 0.031798
0.045869 0.10391 0.086459 0.10592 0.25591 0.30477 0.097174
0.1356 0.071156 0.049985 0.19665 0.19188 0.26077 0.093958
0.28953 0.076092 0.14042 0.13435 0.097751 0.13469 0.12717
0.20765 0.091422 0.13049 0.16042 0.26286 0.071019 0.076134
0.12828 0.093254 0.070099 0.38692 0.13036 0.093932 0.097159
0.29896 0.076557 0.055165 0.15119 0.14985 0.088537 0.17974
0.088563 0.098204 0.11671 0.15504 0.32807 0.11793 0.095482
0.07376 0.20866 0.15086 0.14031 0.10924 0.16604 0.15114
0.3475 0.059274 0.054122 0.12325 0.069015 0.26021 0.086638
0.37739 0.11002 0.057592 0.10454 0.15354 0.11223 0.08469
0.074587 0.071267 0.073096 0.43991 0.070333 0.16202 0.10879
0.067332 0.18099 0.043292 0.17241 0.3297 0.11379 0.09248
0.11258 0.054882 0.16226 0.092198 0.24433 0.21761 0.11614
0.18193 0.17153 0.070457 0.11169 0.25545 0.13562 0.073325
0.10783 0.16603 0.054217 0.20185 0.21294 0.11415 0.14299
0.28816 0.068298 0.070401 0.27696 0.070858 0.14385 0.081482
0.082949 0.05723 0.11654 0.066509 0.24084 0.33707 0.098862
0.036671 0.081046 0.039017 0.25492 0.23358 0.25273 0.10203
0.39688 0.065017 0.1516 0.1231 0.051191 0.13379 0.078413
0.014738 0.066704 0.092118 0.10057 0.22898 0.2988 0.19809
0.024731 0.074892 0.093498 0.10095 0.24923 0.32496 0.13174
0.14939 0.11625 0.060968 0.17951 0.20698 0.20661 0.080294
0.051878 0.11226 0.045207 0.13305 0.41081 0.15615 0.090641
0.048596 0.067814 0.05896 0.08654 0.32184 0.173 0.24325
0.14381 0.11424 0.24422 0.070544 0.10857 0.14046 0.17816
0.16479 0.067135 0.20679 0.17749 0.096045 0.17574 0.11202
0.083322 0.071843 0.14094 0.16535 0.11499 0.23257 0.19098
0.11967 0.057457 0.066822 0.12897 0.33699 0.15859 0.13149
0.054891 0.084093 0.10993 0.096381 0.28857 0.22535 0.14079
0.10077 0.10817 0.048057 0.13732 0.31181 0.17423 0.11964
0.12261 0.090706 0.068871 0.13462 0.28626 0.21469 0.082244
0.071244 0.052923 0.11681 0.11868 0.23892 0.30515 0.096269
0.10298 0.15301 0.093199 0.25127 0.15979 0.13794 0.10181
0.15924 0.067282 0.12137 0.15181 0.16701 0.17194 0.16135
0.22791 0.074918 0.090561 0.16736 0.16583 0.15619 0.11724
0.060418 0.076476 0.056811 0.48109 0.086176 0.1465 0.092529
0.082708 0.045761 0.081208 0.12518 0.32269 0.22673 0.11571
0.57158 0.058403 0.036054 0.16567 0.10279 0.027248 0.038253
0.051466 0.13197 0.21789 0.1801 0.10708 0.19828 0.11321
0.17318 0.041166 0.10928 0.064639 0.07951 0.16488 0.36735
0.13994 0.096668 0.081862 0.15531 0.26371 0.15992 0.10258
0.096315 0.21942 0.19766 0.1589 0.1182 0.13455 0.074952
0.42713 0.10125 0.037944 0.18193 0.11315 0.08385 0.054746
0.038302 0.10589 0.052095 0.077945 0.3703 0.22681 0.12865
0.27561 0.058353 0.27813 0.076401 0.067981 0.17158 0.07195
0.37211 0.062356 0.16133 0.12738 0.052669 0.099547 0.1246
0.071243 0.085432 0.25846 0.15731 0.17874 0.15725 0.091555
0.24253 0.060565 0.10997 0.095645 0.093658 0.1879 0.20973
0.089659 0.095289 0.17906 0.12088 0.1806 0.15335 0.18117
0.066974 0.088116 0.11281 0.12114 0.28104 0.15229 0.17763
0.13427 0.068213 0.3034 0.12945 0.07572 0.19145 0.097491
0.039049 0.089085 0.048732 0.29669 0.2902 0.17627 0.059979
0.084251 0.10577 0.090673 0.13079 0.39446 0.082124 0.11194
0.19408 0.12486 0.069789 0.16756 0.20003 0.12763 0.11605
0.093486 0.072458 0.10491 0.09495 0.1821 0.26498 0.18712
0.013607 0.046539 0.042498 0.48812 0.16059 0.16912 0.07953
0.087591 0.10062 0.066649 0.20915 0.10345 0.27666 0.15588
0.41205 0.066795 0.09177 0.12595 0.096636 0.16959 0.037205
0.37146 0.042196 0.25669 0.12729 0.032206 0.094199 0.075953
0.14116 0.078332 0.17392 0.095588 0.13497 0.11405 0.26198
0.14252 0.10433 0.039682 0.12638 0.2874 0.22041 0.07928
0.56885 0.054906 0.10722 0.073127 0.027598 0.07332 0.094979
0.086974 0.069324 0.09961 0.1401 0.32525 0.20768 0.071057
0.32388 0.086337 0.13501 0.20244 0.11544 0.066225 0.070663
0.25386 0.14849 0.061915 0.16111 0.16452 0.12545 0.084659
0.27043 0.09587 0.045424 0.16333 0.20815 0.13743 0.079363
0.18331 0.078736 0.048008 0.15436 0.17849 0.25698 0.10011
0.089651 0.081757 0.16973 0.25872 0.14916 0.2004 0.050583
0.076492 0.036089 0.082423 0.078625 0.25234 0.30481 0.16923
0.18832 0.10395 0.1925 0.18128 0.07118 0.10268 0.16009
0.022489 0.056342 0.12334 0.064337 0.22636 0.267 0.24013
0.22641 0.097759 0.077168 0.13237 0.31138 0.065323 0.089587
0.088641 0.066752 0.091952 0.45432 0.15857 0.080122 0.059646
0.032378 0.066038 0.049322 0.17059 0.34984 0.20611 0.12573
0.07981 0.079678 0.093773 0.41088 0.20912 0.071018 0.055721
0.25879 0.084804 0.26894 0.11235 0.04243 0.11462 0.11806
0.09391 0.064967 0.094801 0.09368 0.18969 0.30168 0.16127
0.1853 0.063002 0.10593 0.12978 0.16779 0.28906 0.059146
0.23407 0.10829 0.037342 0.15209 0.31314 0.057934 0.097131
0.028127 0.11638 0.039509 0.28831 0.29118 0.17912 0.05736
0.15726 0.081601 0.070746 0.13413 0.21219 0.18321 0.16086
0.13038 0.097332 0.29269 0.13031 0.06595 0.1034 0.17994
0.15291 0.057898 0.091536 0.19021 0.19287 0.19739 0.1172
0.18832 0.063365 0.21094 0.043188 0.042322 0.18269 0.26917
0.065523 0.15165 0.12338 0.18142 0.085547 0.27694 0.11554
0.054722 0.075722 0.279 0.033546 0.1856 0.16374 0.20767
0.074597 0.078011 0.066825 0.17944 0.35296 0.18128 0.06689
0.31123 0.11565 0.043616 0.34394 0.073002 0.071707 0.040855
0.073314 0.35248 0.049777 0.14834 0.18191 0.15745 0.036716
0.25664 0.098173 0.07316 0.20047 0.14106 0.16699 0.063503
0.10423 0.12041 0.029237 0.17262 0.33158 0.15307 0.088844
0.24718 0.077912 0.038851 0.24415 0.097951 0.25724 0.036718
0.21386 0.075094 0.05417 0.24717 0.065757 0.31462 0.029326
0.021864 0.069181 0.057146 0.27183 0.33094 0.20023 0.048815
0.071043 0.067341 0.20496 0.066435 0.042548 0.15164 0.39603
0.085883 0.086223 0.072509 0.32445 0.29546 0.092775 0.042693
0.1876 0.077949 0.087589 0.1537 0.24248 0.11748 0.1332
0.18455 0.075191 0.061456 0.28804 0.19803 0.13589 0.056844
0.072701 0.095673 0.032356 0.44754 0.22232 0.09963 0.029779
0.080637 0.062843 0.1117 0.17206 0.27988 0.17759 0.11528
0.06785 0.16647 0.077201 0.09923 0.26744 0.19013 0.13167
0.067504 0.11833 0.065233 0.14423 0.23898 0.1005 0.26523
0.21732 0.16075 0.23232 0.13189 0.051821 0.11548 0.090415
0.19745 0.081688 0.062176 0.18587 0.30357 0.054102 0.11514
0.038924 0.18193 0.048207 0.064791 0.41363 0.20387 0.048646
0.06156 0.051794 0.26072 0.25483 0.066057 0.23305 0.071994
0.05114 0.063858 0.18163 0.12476 0.20759 0.19161 0.17942
0.38608 0.10836 0.11692 0.13793 0.055 0.072233 0.12348
0.36381 0.062168 0.18785 0.092509 0.091096 0.079382 0.12319
0.12014 0.089065 0.17509 0.11127 0.11962 0.19496 0.18985
0.1423 0.073349 0.058282 0.11055 0.33162 0.15165 0.13226
0.16716 0.083265 0.10276 0.19863 0.093486 0.28632 0.068382
0.081349 0.062618 0.066566 0.4412 0.10812 0.15563 0.084509
0.060552 0.079189 0.19677 0.085651 0.15631 0.25895 0.16258
0.023512 0.065559 0.073953 0.041255 0.35617 0.32396 0.11559
0.13163 0.064832 0.21417 0.1088 0.1997 0.13843 0.14244
0.1553 0.060606 0.092827 0.20214 0.24111 0.1455 0.10252
0.073297 0.10348 0.063369 0.11683 0.45426 0.12532 0.063438
0.061098 0.06298 0.11965 0.11179 0.20622 0.38215 0.056117
0.12703 0.071283 0.094154 0.18047 0.34071 0.094231 0.092116
0.12241 0.077308 0.086832 0.19403 0.27309 0.11231 0.13402
0.086716 0.096974 0.057862 0.13163 0.32406 0.15883 0.14393
0.10248 0.074908 0.091381 0.12669 0.16987 0.3158 0.11888
0.06354 0.098792 0.052164 0.18345 0.24875 0.29085 0.062467
0.30516 0.060079 0.4017 0.042654 0.013673 0.066503 0.11023
0.019328 0.14028 0.074553 0.13905 0.20454 0.36495 0.057301
0.35152 0.075666 0.098649 0.18473 0.012922 0.21447 0.062042
0.19225 0.021823 0.4444 0.039962 0.017185 0.055404 0.22898
0.050295 0.063655 0.29919 0.081469 0.11535 0.20687 0.18316
0.057805 0.089963 0.097616 0.38099 0.1472 0.12016 0.10626
0.10736 0.14463 0.18588 0.11537 0.17231 0.17278 0.10167
0.55203 0.03868 0.092423 0.072927 0.051637 0.057553 0.13475
0.064723 0.075309 0.19984 0.12783 0.15538 0.28466 0.092252
0.079308 0.092729 0.28481 0.13252 0.079472 0.18202 0.14914
0.049933 0.064216 0.10582 0.15887 0.25165 0.13275 0.23677
0.02789 0.06909 0.071865 0.21153 0.25802 0.30944 0.052167
0.08903 0.096762 0.10015 0.14316 0.13075 0.30145 0.13871
0.24398 0.062929 0.11678 0.097098 0.08044 0.20354 0.19524
0.042536 0.068919 0.17034 0.1268 0.27015 0.14723 0.17403
0.050153 0.10299 0.10515 0.12744 0.096825 0.40061 0.11682
0.43333 0.04139 0.15253 0.083247 0.018526 0.10472 0.16627
0.10366 0.082002 0.051634 0.22793 0.32158 0.16345 0.049742
0.046599 0.10828 0.039925 0.34245 0.24564 0.17907 0.03804
0.18016 0.089244 0.098077 0.14393 0.29793 0.087415 0.10324
0.20456 0.049966 0.18864 0.070603 0.098006 0.15639 0.23184
0.10918 0.071454 0.14211 0.15647 0.067842 0.33739 0.11555
0.039521 0.045411 0.4353 0.061454 0.093174 0.1049 0.22023
0.057334 0.19044 0.055445 0.11978 0.27767 0.17921 0.12013
0.44191 0.092464 0.047745 0.15127 0.1277 0.058844 0.080073
0.14192 0.061166 0.33202 0.14501 0.057643 0.17171 0.090528
0.090535 0.043734 0.21658 0.14253 0.026299 0.34662 0.1337
0.54497 0.069405 0.047095 0.14093 0.11328 0.035928 0.048394
0.017552 0.060458 0.047799 0.39237 0.16238 0.2034 0.11605
0.66099 0.056748 0.056105 0.087563 0.065793 0.034651 0.03815
0.079996 0.092567 0.10911 0.16553 0.20118 0.17978 0.17183
0.31048 0.044805 0.11808 0.084635 0.11967 0.17406 0.14827
0.37829 0.066957 0.064386 0.15197 0.20805 0.084135 0.046206
0.02356 0.057589 0.035732 0.49247 0.12202 0.18258 0.086051
0.38274 0.06997 0.097169 0.17062 0.14409 0.091468 0.043937
0.086341 0.074896 0.22825 0.080012 0.19019 0.1785 0.16181
0.032721 0.069015 0.052209 0.33099 0.10118 0.31902 0.094865
0.0434 0.071522 0.21643 0.053247 0.2145 0.26265 0.13825
0.092354 0.066642 0.15426 0.11868 0.24165 0.25696 0.069448
0.18144 0.088363 0.1556 0.13095 0.12601 0.12752 0.19011
0.17754 0.041698 0.24851 0.092384 0.040586 0.10013 0.29915
0.06774 0.084577 0.074553 0.23713 0.25758 0.17068 0.10773
0.15604 0.073104 0.066942 0.4939 0.071281 0.089167 0.049569
0.15526 0.053872 0.12523 0.10521 0.14785 0.32285 0.08973
0.040549 0.09748 0.047543 0.11792 0.41985 0.17724 0.099418
0.17411 0.12431 0.21479 0.10534 0.073319 0.21883 0.089299
0.25016 0.061254 0.23703 0.10913 0.13516 0.095844 0.11142
0.30479 0.10104 0.11731 0.1967 0.10213 0.10271 0.075314
0.3432 0.079982 0.086438 0.077401 0.20225 0.13022 0.0805
0.059488 0.087851 0.12928 0.19066 0.16898 0.26971 0.09403
0.096005 0.11324 0.16128 0.15504 0.21548 0.079139 0.17982
0.15174 0.070661 0.072054 0.12894 0.21748 0.26258 0.096537
0.19744 0.046252 0.27157 0.047659 0.029344 0.22786 0.17987
0.13363 0.10117 0.096615 0.21172 0.25036 0.10283 0.10367
0.051136 0.072541 0.099709 0.12873 0.3331 0.2088 0.10598
0.23782 0.056275 0.036773 0.070986 0.059413 0.45261 0.086126
0.090449 0.060531 0.1621 0.13062 0.10387 0.33946 0.11297
0.060506 0.094453 0.16439 0.096003 0.12635 0.31777 0.14053
0.15264 0.073475 0.081175 0.10841 0.11584 0.32777 0.14069
0.17101 0.09099 0.073752 0.41132 0.043015 0.15005 0.059857
0.12787 0.067478 0.09541 0.09563 0.18535 0.16429 0.26397
0.095719 0.20123 0.2049 0.10284 0.17593 0.10838 0.111
0.21567 0.12002 0.096282 0.10933 0.21112 0.17109 0.076487
0.067897 0.066654 0.13808 0.31552 0.15698 0.11417 0.14071
0.024265 0.065465 0.038682 0.47166 0.1365 0.19018 0.073254
0.26821 0.073041 0.13309 0.19508 0.1115 0.079691 0.13939
0.22173 0.10486 0.083504 0.090392 0.22045 0.13567 0.14339
0.051959 0.092929 0.091519 0.21543 0.10992 0.33539 0.10285
0.061397 0.090884 0.044325 0.10943 0.48717 0.10832 0.09848
0.097534 0.088317 0.093681 0.24013 0.074494 0.27577 0.13008
0.1122 0.11616 0.086658 0.22924 0.12928 0.27002 0.056443
0.081733 0.099707 0.055931 0.12853 0.4105 0.10793 0.11566
0.37987 0.066123 0.14247 0.10567 0.024437 0.1131 0.16833
0.10959 0.076349 0.052461 0.30675 0.25926 0.14423 0.051355
0.27762 0.060702 0.16616 0.21001 0.10839 0.090675 0.08645
0.2518 0.039139 0.096491 0.30236 0.16533 0.055846 0.089037
0.28334 0.053806 0.12969 0.40693 0.021957 0.037908 0.066365
0.29777 0.081721 0.18026 0.14312 0.081546 0.12392 0.091656
0.39283 0.058747 0.11806 0.096764 0.22221 0.043215 0.068176
0.36177 0.086096 0.1168 0.13892 0.10042 0.05774 0.13826
0.45321 0.078617 0.11748 0.12753 0.13207 0.055376 0.035707
0.37606 0.064837 0.074992 0.21286 0.057986 0.16771 0.04555
0.34436 0.055961 0.062506 0.10732 0.28332 0.068357 0.078172
0.20618 0.052291 0.085263 0.4858 0.051922 0.054182 0.064364
0.56002 0.033557 0.11956 0.097121 0.11927 0.024794 0.045686
0.50304 0.045666 0.12793 0.088415 0.12917 0.031436 0.07434
0.59443 0.052461 0.074072 0.067072 0.14133 0.034315 0.036319
0.14488 0.084779 0.16677 0.25038 0.12115 0.091876 0.14017
0.2871 0.17158 0.060041 0.086828 0.16115 0.16061 0.072692
0.36228 0.068127 0.08027 0.089707 0.26506 0.048104 0.086452
0.29385 0.047615 0.16811 0.30587 0.049913 0.042943 0.091703
0.21144 0.055677 0.14037 0.40132 0.10266 0.037043 0.051501
0.4804 0.05489 0.10264 0.26213 0.038115 0.031483 0.030349
0.37939 0.068409 0.069295 0.088385 0.16992 0.14641 0.078193
0.363 0.052494 0.14711 0.28943 0.065441 0.053177 0.029348
0.22463 0.083387 0.14014 0.29365 0.11295 0.070478 0.074753
0.21243 0.056842 0.15271 0.36084 0.086094 0.063008 0.068071
0.42473 0.11698 0.074213 0.14304 0.082939 0.078169 0.079931
0.56344 0.039485 0.092259 0.099843 0.048693 0.035689 0.12059
0.47414 0.063269 0.0871 0.086228 0.071251 0.13957 0.078445
0.32461 0.053827 0.25889 0.19034 0.087109 0.035605 0.049627
0.48872 0.053132 0.090703 0.067986 0.099393 0.12621 0.073855
0.22003 0.078124 0.060443 0.14383 0.34102 0.064498 0.092054
0.25611 0.066481 0.12638 0.29064 0.13292 0.069766 0.057708
0.19775 0.078645 0.096081 0.39109 0.055285 0.11587 0.065279
0.35343 0.092056 0.10857 0.24485 0.10594 0.071514 0.023633
0.48638 0.045794 0.075252 0.055122 0.26039 0.039205 0.037857
0.14723 0.095826 0.080065 0.39624 0.19831 0.04424 0.038085
0.13264 0.22455 0.15983 0.15564 0.1941 0.079834 0.053418
0.16005 0.075662 0.12853 0.45435 0.090757 0.032435 0.058216
0.16407 0.037552 0.42646 0.23339 0.036242 0.056443 0.045847
0.42567 0.041435 0.062199 0.068866 0.30578 0.058305 0.037743
0.42594 0.14611 0.048899 0.041866 0.21506 0.08583 0.036288
0.53396 0.045093 0.14642 0.067866 0.098071 0.048035 0.060555
0.24184 0.062051 0.15112 0.20371 0.19852 0.06573 0.077034
0.28443 0.078177 0.10278 0.38158 0.052384 0.058185 0.042467
0.29524 0.054019 0.096357 0.33381 0.10777 0.048576 0.064221
0.2686 0.04971 0.17834 0.34866 0.024704 0.062947 0.067038
0.36736 0.10872 0.060496 0.17092 0.13341 0.074483 0.084603
0.19367 0.05543 0.2352 0.31986 0.087811 0.040523 0.06751
0.44728 0.076569 0.076665 0.084995 0.089811 0.12419 0.10049
0.50196 0.060382 0.055149 0.17015 0.085194 0.081119 0.046038
0.53716 0.07002 0.12961 0.055256 0.043011 0.070867 0.094071
0.23399 0.050929 0.14527 0.39246 0.078703 0.037086 0.061557
0.25033 0.12571 0.047699 0.29935 0.14064 0.10603 0.030232
0.48552 0.069923 0.14217 0.13552 0.054723 0.05143 0.060716
0.24554 0.071239 0.14634 0.23671 0.18725 0.055486 0.057441
0.24439 0.22716 0.08055 0.14151 0.14133 0.083283 0.081767
0.4323 0.13906 0.065728 0.19543 0.089121 0.033395 0.044964
0.21943 0.06573 0.064549 0.29999 0.13546 0.15438 0.060465
0.053111 0.10101 0.063613 0.44836 0.21493 0.070109 0.048867
0.24325 0.057178 0.10585 0.26779 0.03036 0.13862 0.15695
0.37432 0.13772 0.14976 0.1164 0.059986 0.11353 0.048287
0.47939 0.048158 0.08513 0.087693 0.20958 0.047792 0.042254
0.21016 0.062895 0.099561 0.21248 0.31777 0.050263 0.046881
0.1863 0.066181 0.082891 0.39649 0.082856 0.087884 0.097396
0.26981 0.097438 0.099054 0.26363 0.12775 0.079197 0.063124
0.28128 0.056322 0.080292 0.13303 0.27431 0.067315 0.10745
0.31065 0.067062 0.062396 0.12493 0.28552 0.070909 0.078529
0.24223 0.11709 0.037652 0.18257 0.28458 0.085335 0.05054
0.27178 0.057688 0.080281 0.13007 0.23634 0.13669 0.087152
0.39007 0.044119 0.063315 0.38175 0.028416 0.047693 0.04464
0.24961 0.076958 0.073084 0.18424 0.26686 0.067035 0.082212
0.30842 0.074688 0.12313 0.11048 0.28885 0.044451 0.049978
0.35792 0.060675 0.076123 0.13388 0.0674 0.27457 0.029435
0.39818 0.056219 0.065954 0.16202 0.21096 0.06746 0.039214
0.19869 0.053288 0.05657 0.137 0.40381 0.077065 0.073578
0.39608 0.05418 0.059386 0.12525 0.27483 0.045981 0.044301
0.46651 0.071383 0.075119 0.20032 0.03515 0.08837 0.063142
0.32759 0.095928 0.083412 0.18839 0.15061 0.10645 0.047621
0.37675 0.04737 0.090061 0.13326 0.19933 0.050942 0.10229
0.47356 0.042604 0.062093 0.10548 0.16753 0.029849 0.11888
0.26064 0.090762 0.049359 0.11467 0.35734 0.059659 0.067569
0.28194 0.12741 0.059023 0.18238 0.21401 0.073585 0.061648
0.322 0.074816 0.12009 0.24243 0.09932 0.073882 0.067464
0.3006 0.059773 0.10851 0.093756 0.19562 0.13383 0.10791
0.45264 0.044532 0.074234 0.083455 0.17115 0.069268 0.10473
0.12348 0.080272 0.17725 0.32116 0.1319 0.090951 0.074991
0.24426 0.076781 0.045459 0.33559 0.16554 0.11133 0.021045
0.24022 0.17059 0.079493 0.20909 0.10753 0.12134 0.071748
0.42651 0.060178 0.095896 0.12452 0.14095 0.12466 0.027282
0.27768 0.082659 0.14278 0.14818 0.19457 0.091104 0.06302
0.29253 0.087218 0.078516 0.14562 0.24023 0.071246 0.084639
0.39526 0.12111 0.068789 0.1716 0.15592 0.05559 0.031726
0.43232 0.05631 0.0773 0.25215 0.096143 0.035707 0.050065
0.12667 0.11325 0.15994 0.30776 0.1159 0.11771 0.05878
0.34547 0.09098 0.079945 0.26403 0.10807 0.056419 0.055088
0.20167 0.083442 0.11901 0.19665 0.24644 0.066812 0.085974
0.27772 0.10445 0.084902 0.25805 0.084018 0.11617 0.074688
0.36046 0.059487 0.088056 0.074712 0.31996 0.038779 0.058542
0.11166 0.059797 0.079527 0.5516 0.075221 0.069812 0.052378
0.29533 0.056188 0.059881 0.11203 0.19883 0.057536 0.2202
0.19708 0.087862 0.072253 0.41004 0.072587 0.10202 0.058154
0.075886 0.10864 0.078633 0.24132 0.30786 0.13701 0.050657
0.56092 0.054919 0.079297 0.14196 0.084644 0.037224 0.041034
0.28003 0.090128 0.15174 0.093958 0.19072 0.14879 0.04463
0.28145 0.10001 0.057888 0.14481 0.23351 0.069336 0.113
0.37678 0.048742 0.11368 0.16166 0.081273 0.055553 0.16231
0.42231 0.045742 0.11352 0.13057 0.069954 0.045513 0.1724
0.26784 0.072138 0.040101 0.37154 0.1431 0.055714 0.049564
0.25883 0.12915 0.19915 0.16413 0.077974 0.089715 0.081055
0.1901 0.088377 0.035762 0.17732 0.34282 0.094711 0.070912
0.54507 0.036065 0.066503 0.083026 0.17995 0.030335 0.059051
0.18842 0.087352 0.045293 0.38056 0.099674 0.10323 0.095466
0.18491 0.091487 0.051443 0.4251 0.11131 0.095039 0.040699
0.2523 0.075279 0.074363 0.29096 0.035413 0.15593 0.11575
0.43594 0.066482 0.058925 0.13392 0.19748 0.054701 0.052558
0.30783 0.086733 0.035555 0.078193 0.37619 0.06368 0.051811
0.45332 0.045302 0.16192 0.12077 0.030877 0.11095 0.076863
0.33933 0.10653 0.094767 0.0864 0.044498 0.16899 0.15948
0.12982 0.084791 0.06944 0.18281 0.30989 0.12283 0.10042
0.025563 0.1018 0.084915 0.074623 0.339 0.28334 0.090756
0.086565 0.079819 0.033254 0.48509 0.12735 0.11557 0.072352
0.083119 0.1072 0.12581 0.28322 0.051409 0.24089 0.10836
0.15614 0.087138 0.040523 0.22183 0.23512 0.21879 0.040451
0.090188 0.11532 0.08344 0.21218 0.27048 0.16217 0.066219
0.075904 0.10244 0.1885 0.14326 0.26957 0.12255 0.097789
0.23107 0.056277 0.11008 0.084849 0.27079 0.13985 0.10709
0.20053 0.1129 0.02897 0.49111 0.092859 0.034199 0.039442
0.043974 0.062281 0.10274 0.34675 0.08379 0.14766 0.2128
0.056454 0.085299 0.066354 0.27241 0.27948 0.19487 0.045137
0.052186 0.064915 0.063158 0.17765 0.20077 0.31809 0.12324
0.024865 0.049597 0.090404 0.041203 0.42315 0.31355 0.057235
0.022273 0.082131 0.035712 0.5102 0.13326 0.15668 0.059735
0.060236 0.088809 0.036634 0.37193 0.29828 0.11212 0.031979
0.079973 0.11105 0.055959 0.34364 0.12905 0.17455 0.10579
0.039092 0.067997 0.049306 0.42697 0.11047 0.22962 0.076537
0.27697 0.19498 0.069586 0.1234 0.1969 0.082857 0.055313
0.056506 0.066851 0.043173 0.45705 0.21149 0.13098 0.033953
0.15093 0.076767 0.25125 0.090089 0.071486 0.11176 0.24771
0.30007 0.12763 0.048488 0.14009 0.15346 0.11718 0.11308
0.019241 0.076221 0.075176 0.10004 0.28056 0.36607 0.08269
0.032706 0.087719 0.038966 0.11761 0.35014 0.28072 0.092137
0.058958 0.079942 0.034074 0.59832 0.14944 0.043061 0.036205
0.092943 0.083689 0.039843 0.16597 0.35755 0.16043 0.099569
0.11529 0.088741 0.1162 0.12431 0.26288 0.20892 0.083659
0.10152 0.03343 0.39366 0.081026 0.067987 0.17392 0.14846
0.16569 0.068949 0.076586 0.10339 0.38485 0.1063 0.094226
0.089276 0.07736 0.078707 0.15681 0.39861 0.1101 0.089137
0.042067 0.069442 0.079254 0.084009 0.2586 0.28458 0.18205
0.12094 0.11372 0.040837 0.18545 0.27555 0.21242 0.051095
0.18975 0.098077 0.051159 0.25565 0.2441 0.093554 0.067705
0.36729 0.10915 0.073652 0.13874 0.10413 0.072642 0.1344
0.20994 0.069259 0.066457 0.40182 0.09559 0.084046 0.072886
0.0402 0.076293 0.36827 0.096709 0.058216 0.28901 0.071307
0.10405 0.075318 0.094907 0.411 0.18862 0.091638 0.034472
0.1495 0.10304 0.22491 0.095349 0.11768 0.13751 0.172
0.15988 0.078652 0.093789 0.31549 0.12794 0.15015 0.074101
0.050348 0.096826 0.061622 0.15594 0.27074 0.24375 0.12077
0.033283 0.071866 0.036181 0.54691 0.14899 0.11179 0.050971
0.02895 0.091756 0.033742 0.42353 0.19329 0.16247 0.066264
0.14342 0.040062 0.069815 0.065249 0.24217 0.37165 0.067627
0.10278 0.081788 0.12565 0.18715 0.26378 0.13788 0.10096
0.049874 0.11017 0.04254 0.19212 0.30134 0.24359 0.060359
0.10392 0.097957 0.046957 0.16019 0.38543 0.096896 0.10865
0.51215 0.041931 0.053616 0.065187 0.049642 0.20783 0.069643
0.08474 0.13467 0.062315 0.30509 0.1589 0.17007 0.084223
0.061594 0.14769 0.12123 0.20891 0.2121 0.12988 0.1186
0.0974 0.15826 0.067513 0.11765 0.29309 0.1554 0.1107
0.055898 0.12566 0.031271 0.32385 0.25029 0.16867 0.04437
0.23183 0.080058 0.095616 0.18699 0.21399 0.095807 0.095709
0.1016 0.041375 0.17373 0.085713 0.048296 0.42762 0.12166
0.053323 0.079158 0.071102 0.13569 0.21594 0.29302 0.15177
0.046803 0.084917 0.042452 0.2852 0.20365 0.29128 0.045697
0.036219 0.12529 0.03471 0.11595 0.36231 0.1649 0.16061
0.053035 0.10014 0.077035 0.28453 0.25608 0.14622 0.08297
0.12982 0.092232 0.044379 0.38208 0.24979 0.056515 0.045186
0.051716 0.10889 0.073698 0.16908 0.37179 0.11941 0.10542
0.058942 0.091332 0.037196 0.14022 0.41799 0.17166 0.082666
0.057322 0.094546 0.038433 0.37182 0.21806 0.10152 0.1183
0.15429 0.052611 0.2604 0.11674 0.10326 0.098335 0.21436
0.14569 0.078979 0.040935 0.50993 0.070817 0.092792 0.06086
0.072239 0.10499 0.1453 0.1336 0.22514 0.18764 0.1311
0.10832 0.13914 0.11324 0.22671 0.23672 0.10321 0.072661
0.077057 0.1741 0.028005 0.20763 0.31464 0.13341 0.065158
0.083348 0.2047 0.026405 0.14048 0.23723 0.16345 0.14438
0.10811 0.088313 0.10351 0.19836 0.19838 0.14628 0.15705
0.41591 0.077327 0.067309 0.13673 0.11369 0.054468 0.13457
0.046271 0.088556 0.026786 0.52636 0.14709 0.12504 0.039904
0.11091 0.080775 0.11194 0.26133 0.19391 0.18263 0.058502
0.12091 0.079275 0.14557 0.14099 0.13555 0.25861 0.11909
0.24133 0.10892 0.08798 0.10717 0.11547 0.13931 0.19984
0.21574 0.08407 0.058836 0.17411 0.24755 0.070145 0.14954
0.049866 0.10547 0.054102 0.38656 0.10967 0.23719 0.057135
0.27469 0.079295 0.038895 0.14962 0.27747 0.087814 0.092212
0.055136 0.074793 0.097891 0.11503 0.37976 0.19445 0.082943
0.027864 0.29495 0.098437 0.18083 0.2196 0.11254 0.065771
0.26611 0.045388 0.14604 0.1074 0.053167 0.19948 0.18242
0.19499 0.066631 0.031523 0.20578 0.30744 0.13919 0.054443
0.20171 0.073882 0.22719 0.11319 0.048875 0.17877 0.15638
0.26242 0.04779 0.024965 0.52388 0.026362 0.082873 0.031706
0.19788 0.07959 0.21121 0.15648 0.13545 0.10247 0.11693
0.12213 0.10207 0.07525 0.15576 0.33479 0.10938 0.10063
0.074056 0.085985 0.026635 0.18754 0.30893 0.27576 0.041093
0.082054 0.096228 0.05347 0.31008 0.32496 0.10532 0.02788
0.066856 0.07109 0.034653 0.082335 0.39854 0.29454 0.05199
0.068684 0.072051 0.10238 0.52073 0.035673 0.06675 0.13374
0.11296 0.059169 0.17387 0.13901 0.20625 0.23192 0.076813
0.37347 0.16808 0.052301 0.08733 0.10577 0.1134 0.099652
0.055137 0.092273 0.05146 0.063107 0.27811 0.40833 0.051575
0.42565 0.071482 0.12945 0.14426 0.070658 0.053765 0.10473
0.13389 0.10673 0.062467 0.17522 0.21232 0.22788 0.081498
0.057859 0.071121 0.074236 0.41854 0.038301 0.21829 0.12165
0.075372 0.083362 0.068841 0.31571 0.17112 0.19465 0.090941
0.17613 0.097198 0.089235 0.2681 0.14558 0.10771 0.11605
0.38162 0.038263 0.031294 0.41674 0.023565 0.057977 0.050546
0.22858 0.067927 0.039113 0.29522 0.18759 0.098241 0.083329
0.24214 0.0449 0.036034 0.17472 0.22032 0.20274 0.079138
0.46508 0.08038 0.073026 0.11403 0.095039 0.099803 0.07264
0.18823 0.090339 0.050058 0.10603 0.36853 0.12339 0.073426
0.15127 0.17866 0.14198 0.10076 0.26226 0.10677 0.058294
0.14805 0.060591 0.27192 0.065116 0.057098 0.16883 0.22839
0.24158 0.045904 0.38046 0.046488 0.019888 0.16073 0.10496
0.25748 0.083969 0.086774 0.15573 0.08029 0.27249 0.063268
0.05101 0.044289 0.1055 0.07898 0.29369 0.22237 0.20416
0.21455 0.088626 0.19414 0.16832 0.090914 0.1147 0.12875
0.12801 0.27852 0.065363 0.13858 0.15016 0.10049 0.13887
0.065586 0.084543 0.037014 0.27888 0.23423 0.20845 0.091293
0.3265 0.13682 0.12103 0.12669 0.065892 0.077556 0.14551
0.24164 0.091277 0.078692 0.20913 0.20369 0.11796 0.057609
0.40176 0.062484 0.096451 0.12503 0.039813 0.16735 0.10711
0.3062 0.065464 0.086284 0.14375 0.15078 0.12819 0.11932
